"" "ACTIONSCRIPT" "ADA" "APL" "APPLESCRIPT" "ASP" "ASP.NET" "ASPECTJ" "ASSEMBLY" "AUTOIT" "AWK" "BASIC" "BLITZMAX" "BOO" "C" "C#" "C++" "CLEAN" "COBOL" "COLD FUSION" "COMMON LISP" "CURL" "D" "DELPHI/KYLIX" "DYLAN" "EIFFEL" "EMACS-LISP" "ERLANG" "EULER" "EUPHORIA" "FENIX" "FLEX" "FORTH" "FORTRAN" "FREE PASCAL" "GLSL (OPENGL SHADING LANGUAGE)" "GROOVY" "HASKELL" "HAXE" "IDL" "JAVA" "JAVASCRIPT" "JSP" "KAYA" "LABVIEW" "LAZARUS" "LISP" "LOGO" "LOTUSSCRIPT" "LPC" "LUA" "MATHEMATICA" "MATLAB" "MODULA" "MUMPS" "OBERON" "OBJECT PASCAL" "OBJECTIVE C" "OBJECTIVE-C 2.0" "OCAML (OBJECTIVE CAML)" "OZ" "PASCAL" "PERL" "PHP" "PIKE" "PL/SQL" "PROGRESS" "PROJECT IS A PROGRAMMING LANGUAGE" "PROLOG" "PYTHON" "REALBASIC" "REBOL" "REXX" "RUBY" "S/R" "SCALA" "SCHEME" "SCILAB" "SCRIPTOL" "SIMULINK" "SMALLTALK" "STANDARD ML" "TCL" "TRANSCRIPT/REVOLUTION" "TURING" "UNIX SHELL" "VBSCRIPT" "VHDL/VERILOG" "VISUAL BASIC" "VISUAL BASIC .NET" "VISUAL BASIC FOR APPLICATIONS (VBA)" "VISUAL FOXPRO" "XBASE/CLIPPER" "XBASIC" "XSL (XSLT/XPATH/XSL-FO)" "YACC" "ZOPE"
"" 240082 340 131 32 73 155 706 28 208 615 37 248 240 939 15203 4765 16225 0 17 75 40 6 64 1693 4 86 46 92 7 34 14 19 116 713 56 50 80 44 14 1036 22746 1234 73 11 102 145 153 6 192 344 650 8 94 32 126 204 274 496 178 1321 1641 194 3767 9549 9 492 1019 107 163 5264 247 74 56 554 29 14 112 11 50 248 575 74 380 194 90 1213 15 32 1282 1015 59 48 5 25 241 12 4
"ActionScript" 387 53 0 0 1 1 3 1 1 1 0 0 1 2 12 14 19 0 0 0 0 0 0 1 0 2 0 0 0 0 2 0 0 2 1 1 0 0 0 1 61 5 0 0 0 1 0 0 0 1 5 0 0 0 0 0 1 1 0 0 10 0 5 18 0 1 0 0 0 8 1 0 0 0 0 0 0 0 0 0 1 1 0 1 0 2 0 0 2 4 0 0 0 0 1 0 0
"Ada" 128 0 43 0 0 0 1 0 0 2 0 0 0 1 11 0 5 0 0 0 0 0 0 0 0 0 0 0 0 0 0 0 0 0 0 0 0 0 0 1 4 0 0 0 1 1 1 0 0 0 0 0 1 0 0 0 0 0 0 0 0 2 2 0 0 0 1 1 0 0 0 0 0 0 0 0 0 0 0 0 1 0 0 0 0 0 0 0 0 0 0 0 0 0 0 0 0
"APL" 41 0 0 0 0 1 1 0 0 0 0 0 0 0 2 1 4 0 0 0 0 0 0 1 0 0 0 0 0 0 0 0 0 0 0 0 0 0 0 0 3 0 0 0 0 0 0 0 0 0 0 0 0 0 0 0 0 0 0 0 2 0 0 4 0 1 0 0 0 0 0 0 0 0 0 0 0 0 0 0 0 0 0 0 1 0 0 0 1 0 0 0 0 0 0 0 0
"AppleScript" 78 0 0 0 7 0 1 0 0 0 0 0 0 0 3 3 1 0 0 0 0 0 0 0 0 0 0 0 0 0 0 0 1 0 0 0 0 0 0 0 4 0 0 0 0 0 0 0 0 1 0 0 0 0 1 0 0 6 0 0 0 0 1 2 0 0 1 0 0 2 1 0 0 0 0 0 0 0 0 0 1 0 1 0 0 1 0 0 0 1 0 0 0 0 0 0 0
"ASP" 88 1 0 1 0 10 5 0 0 0 0 0 0 1 4 1 4 0 0 0 0 0 0 0 0 0 0 0 0 0 0 0 0 0 0 0 0 0 0 1 9 4 0 0 0 0 0 0 0 1 2 0 0 0 0 0 1 2 0 0 1 0 1 3 0 0 0 0 0 1 0 0 0 0 0 0 0 0 0 0 2 1 0 1 0 0 0 0 10 1 0 0 0 0 0 0 0
"ASP.NET" 597 2 0 2 0 6 45 3 3 11 0 0 8 6 72 91 51 0 0 2 0 0 0 10 0 0 0 1 1 0 0 0 0 5 0 0 0 0 0 7 33 3 0 0 1 0 0 0 0 0 0 0 0 0 1 1 1 1 2 2 2 1 2 17 0 0 2 0 1 8 0 2 3 1 0 0 1 0 0 0 1 2 0 5 5 1 0 1 9 16 0 0 0 0 2 0 0
"AspectJ" 44 0 0 0 0 0 5 4 0 0 0 1 2 1 1 9 4 0 0 1 0 0 0 1 0 0 0 0 0 0 0 0 0 1 0 0 0 0 0 0 10 0 0 0 0 0 0 0 0 0 0 0 0 0 0 0 0 0 0 0 1 0 0 2 0 1 0 0 0 0 0 0 4 0 0 0 0 0 0 0 0 0 0 1 2 0 0 0 0 3 0 0 0 0 1 0 0
"Assembly" 203 1 0 0 0 0 2 0 31 6 0 0 0 2 22 3 15 0 0 0 0 0 0 0 0 0 0 0 0 0 0 0 0 0 0 0 0 0 0 2 16 0 0 0 0 0 0 0 0 0 0 0 0 0 0 1 1 0 0 1 0 0 2 3 0 0 0 0 0 2 0 0 0 0 0 0 0 0 0 0 0 0 0 1 0 2 0 0 1 1 0 0 0 0 0 0 0
"AutoIt" 489 1 1 0 0 1 7 0 6 42 0 1 3 6 100 5 77 0 0 0 0 0 1 0 0 0 1 1 0 0 0 0 0 0 0 0 0 0 0 4 21 3 0 0 1 0 3 0 0 1 2 0 0 0 0 2 0 2 0 3 3 3 5 10 0 1 3 0 1 7 0 1 0 1 0 1 0 0 0 0 3 0 1 1 0 3 0 0 3 5 1 0 0 0 0 0 0
"AWK" 49 0 0 0 0 0 0 0 1 0 3 0 0 0 1 2 3 0 0 0 0 0 0 0 0 0 0 0 0 0 0 0 0 0 0 0 0 0 0 0 0 0 0 0 0 0 0 0 0 0 0 0 0 0 0 0 0 0 0 0 0 0 0 1 0 0 0 0 0 1 0 0 0 0 0 0 0 0 0 0 4 0 0 0 0 4 0 0 0 0 0 0 0 0 0 0 0
"BASIC" 251 0 0 0 0 0 1 0 0 3 1 47 1 1 14 2 8 0 0 0 0 0 0 1 0 0 0 0 0 0 0 0 0 0 0 0 0 0 0 0 9 1 0 0 0 0 0 0 0 0 1 0 0 0 0 0 1 0 0 3 1 2 1 6 0 1 0 0 0 2 0 0 0 0 0 0 0 0 0 0 1 0 0 1 0 2 0 0 7 1 1 0 0 0 1 0 0
"BlitzMax" 217 0 1 0 0 1 9 2 1 1 0 2 15 3 21 18 22 0 0 0 1 0 0 5 0 0 0 0 0 0 0 0 0 2 0 0 1 0 0 5 31 2 0 0 0 0 0 0 0 0 1 0 0 0 0 1 1 0 0 1 0 0 1 4 1 0 1 0 0 4 1 0 2 1 0 0 1 0 0 0 2 0 0 4 2 3 0 0 7 6 0 0 0 0 1 0 0
"Boo" 819 2 0 0 0 0 12 0 0 8 0 1 1 34 138 22 128 0 0 0 0 0 0 12 0 0 0 4 0 1 0 0 3 9 1 0 2 0 2 19 81 4 0 0 0 2 2 0 2 7 12 0 1 0 2 2 2 1 1 9 7 1 26 23 0 3 14 0 2 29 0 0 0 1 0 0 1 1 0 2 4 0 0 1 1 4 0 1 11 7 0 1 0 0 2 0 0
"C" 13339 6 13 1 2 4 77 1 20 134 2 8 15 123 3486 110 1345 0 6 4 3 0 4 58 1 7 3 13 1 2 1 0 17 35 2 2 5 2 3 135 574 33 2 0 2 14 12 1 15 57 55 0 3 1 7 31 27 39 9 138 116 11 273 271 0 22 121 18 18 266 13 7 4 32 0 0 10 2 4 43 88 9 38 18 2 89 1 0 54 18 8 2 0 1 9 1 0
"C#" 5226 10 0 6 0 10 85 3 2 7 0 2 28 36 168 1296 346 0 0 6 1 0 0 47 0 1 1 1 0 1 0 0 3 25 1 1 1 1 1 17 327 24 1 1 3 1 3 0 14 6 13 0 1 0 2 4 0 3 5 13 31 3 21 139 0 14 12 2 1 63 1 5 3 9 0 0 2 0 0 0 6 3 0 10 14 3 0 1 56 79 0 0 0 0 15 0 0
"C++" 14496 13 5 2 0 7 70 3 8 83 1 3 13 123 1416 247 3912 0 4 3 4 1 11 79 0 4 4 4 1 2 1 2 7 38 2 1 4 4 0 69 706 36 1 0 2 6 8 0 38 23 36 0 6 0 7 19 21 38 9 59 90 11 158 300 0 37 65 7 13 304 13 7 2 17 1 1 8 1 4 22 36 5 19 8 5 70 1 4 67 31 5 1 0 2 17 4 0
"Clean" 0 0 0 0 0 0 0 0 0 0 0 0 0 0 0 0 0 0 0 0 0 0 0 0 0 0 0 0 0 0 0 0 0 0 0 0 0 0 0 0 0 0 0 0 0 0 0 0 0 0 0 0 0 0 0 0 0 0 0 0 0 0 0 0 0 0 0 0 0 0 0 0 0 0 0 0 0 0 0 0 0 0 0 0 0 0 0 0 0 0 0 0 0 0 0 0 0
"COBOL" 29 0 0 0 0 0 0 0 0 0 0 0 1 0 4 1 3 0 0 0 0 0 0 0 0 0 0 0 0 0 0 0 0 0 0 0 0 0 0 1 6 0 0 0 0 0 1 0 0 0 0 0 0 0 0 0 1 0 0 0 0 0 0 0 0 0 0 0 0 1 0 0 0 0 0 0 0 0 0 0 0 0 0 0 0 0 0 0 0 0 0 0 0 0 0 0 0
"Cold Fusion" 37 0 0 0 0 0 2 0 0 0 0 0 1 0 2 1 0 0 0 6 0 0 0 0 0 0 0 0 0 0 0 0 0 0 0 0 0 0 0 0 4 0 0 0 0 0 0 0 0 1 0 0 0 0 0 0 0 0 0 0 2 1 2 2 0 0 0 0 0 0 0 0 0 0 0 0 0 0 0 0 0 0 0 0 1 0 0 0 0 0 0 1 0 0 0 0 0
"Common Lisp" 36 0 0 0 0 0 0 0 0 1 0 0 1 1 7 0 6 0 0 0 3 0 0 1 0 0 0 0 0 0 0 0 0 0 0 0 1 0 0 1 3 0 0 0 0 2 0 0 0 0 0 0 0 0 0 0 0 0 0 0 0 0 1 0 0 0 0 0 0 1 0 0 0 1 0 0 1 0 0 0 0 0 1 0 0 0 0 0 1 0 0 0 0 0 0 0 0
"Curl" 2 0 0 0 0 0 0 0 0 0 0 0 0 0 0 1 1 0 0 0 0 1 0 0 0 0 0 0 0 0 0 0 0 0 0 0 0 0 0 0 1 0 0 0 0 0 0 0 0 0 0 0 0 0 0 0 0 0 0 0 0 0 0 0 0 0 0 0 0 0 0 0 0 0 0 0 0 0 0 0 0 0 0 0 0 0 0 0 0 0 0 0 0 0 0 0 0
"D" 85 0 0 0 0 0 1 0 0 0 0 0 0 1 10 1 15 0 0 0 0 0 18 0 0 0 0 0 0 0 0 0 0 0 0 0 0 0 0 1 4 2 0 0 0 0 0 0 0 0 1 0 0 0 0 0 1 1 0 0 0 0 1 2 0 0 1 0 1 1 0 0 0 0 0 0 0 0 0 0 0 0 0 0 0 0 0 0 0 0 0 0 0 0 0 0 0
"Delphi/Kylix" 1376 1 0 1 0 0 3 2 0 3 1 1 6 7 38 17 55 0 0 1 0 0 0 391 0 0 0 0 1 0 0 0 0 5 1 0 0 0 0 2 69 2 0 0 13 6 0 0 1 1 4 0 0 0 26 0 8 0 22 2 10 8 2 44 0 3 2 0 0 11 1 1 0 0 0 0 0 0 0 0 2 0 0 1 0 5 0 0 9 5 0 0 0 1 1 0 0
"Dylan" 3 0 0 0 0 0 0 0 0 0 0 0 0 0 1 0 1 0 0 0 0 0 0 0 0 0 0 0 0 1 0 0 0 0 0 0 0 0 0 0 0 0 0 0 0 0 0 0 0 0 0 0 0 0 0 0 0 0 0 0 0 0 0 0 0 0 0 0 0 0 0 0 0 0 0 0 0 0 0 0 0 0 0 0 0 0 0 0 0 0 0 0 0 0 0 0 0
"Eiffel" 56 1 0 0 0 0 1 0 0 0 0 0 0 0 10 0 1 0 0 0 0 0 0 0 0 25 0 0 0 0 0 0 0 0 0 0 0 0 0 0 4 1 0 0 0 0 0 0 0 0 0 0 0 0 0 0 0 0 0 0 0 0 0 0 0 0 0 0 0 1 0 0 0 0 0 0 0 0 0 0 0 0 0 0 0 0 0 0 0 0 0 0 0 0 2 0 0
"Emacs-Lisp" 49 0 0 0 0 0 0 0 0 0 0 0 0 0 4 0 3 0 0 0 0 0 0 0 0 0 7 0 0 0 0 0 2 0 0 0 0 0 0 0 1 0 0 0 0 1 1 0 0 0 1 0 0 0 0 0 0 0 0 1 0 0 2 0 0 0 0 0 1 2 0 0 0 1 0 0 0 0 0 0 0 1 0 0 0 0 0 0 0 0 1 0 0 0 0 0 0
"Erlang" 103 0 0 0 0 0 1 0 0 0 1 0 1 1 11 0 11 0 0 0 0 0 0 0 0 0 0 19 0 0 0 0 1 0 0 0 0 0 0 0 10 1 0 0 0 1 0 0 0 0 0 0 0 0 0 0 0 0 0 2 0 0 0 2 0 0 0 0 0 4 0 0 0 1 0 1 0 0 1 0 0 1 0 0 0 0 0 0 0 1 0 0 0 0 0 0 0
"Euler" 5 0 0 0 0 0 0 0 0 0 0 0 1 0 2 0 0 0 0 0 0 0 0 2 0 0 0 0 0 0 0 0 0 0 0 0 0 0 0 0 1 0 0 0 0 0 0 0 1 0 0 0 0 0 0 0 0 0 0 0 0 0 0 0 0 0 0 0 0 0 0 0 0 0 0 0 0 0 0 0 0 0 0 0 0 0 0 0 0 0 0 0 0 0 0 0 0
"Euphoria" 26 0 0 0 0 0 0 0 0 0 0 0 0 1 2 1 1 0 0 0 0 0 0 0 1 0 0 0 0 9 0 0 0 2 0 0 0 0 0 0 8 1 0 0 0 0 0 0 0 0 0 0 0 0 0 0 0 0 0 0 0 0 1 1 0 0 0 0 0 0 0 0 0 0 0 0 0 0 0 0 0 0 0 0 0 0 0 0 0 0 0 0 0 0 0 0 0
"Fenix" 25 2 0 0 0 0 0 0 0 0 0 0 0 0 0 3 1 0 0 0 0 0 0 0 0 0 0 0 0 0 1 0 0 0 1 0 0 0 0 0 4 0 0 0 0 0 0 0 0 0 0 0 0 0 0 0 0 0 0 1 0 0 1 1 0 0 0 0 0 1 0 0 0 0 0 0 0 0 0 0 0 0 0 0 0 0 0 0 0 1 0 0 0 0 0 0 0
"Flex" 29 1 0 0 0 0 0 0 0 0 0 0 0 0 2 0 1 0 0 0 0 0 0 0 0 0 0 0 0 0 0 1 1 0 0 0 0 0 0 1 3 1 0 0 0 0 0 0 0 0 0 0 0 0 0 0 0 0 0 0 1 0 0 0 0 0 0 0 0 1 0 0 0 0 0 0 0 0 0 0 0 0 0 0 0 0 0 0 0 0 0 0 0 0 0 0 0
"Forth" 121 1 0 0 0 0 0 1 1 0 0 1 0 1 14 3 4 0 0 0 0 0 0 0 0 0 0 1 0 0 0 0 10 5 1 0 1 0 0 1 17 4 0 0 0 1 0 0 0 0 0 0 1 0 0 0 0 0 0 2 0 0 2 5 0 0 2 1 1 3 0 0 0 0 0 0 0 0 0 3 0 0 0 0 0 0 0 0 0 1 0 0 0 0 1 0 0
"Fortran" 712 8 0 1 0 0 6 0 0 2 0 1 2 4 45 25 42 0 0 0 0 0 0 14 0 0 0 1 1 0 1 0 8 53 5 0 1 0 0 6 162 25 1 0 6 4 2 0 1 2 3 0 1 1 2 2 1 1 4 5 25 7 10 46 1 11 4 1 1 17 3 0 0 0 0 0 2 0 1 2 5 0 1 0 2 4 0 0 7 12 0 0 0 0 5 0 1
"Free Pascal" 103 0 0 0 0 0 0 0 0 0 0 0 1 0 2 1 1 0 0 0 0 0 0 5 0 0 0 1 0 0 0 0 0 3 6 0 0 0 0 1 24 0 0 0 1 1 0 0 0 1 1 0 0 0 1 0 0 0 1 0 0 2 3 1 0 2 2 0 0 0 0 0 0 0 0 0 0 0 0 0 2 0 0 0 0 0 0 0 0 1 0 0 0 0 1 0 0
"GLSL (OpenGL Shading Language)" 105 0 0 0 0 0 0 0 0 0 0 0 0 0 1 2 6 0 0 0 0 0 0 0 0 0 0 0 0 1 0 0 0 0 1 1 1 0 0 0 35 1 0 0 0 0 0 0 0 0 1 0 0 0 0 0 0 0 0 0 0 0 0 2 0 0 1 0 0 1 0 0 0 0 0 0 0 0 0 0 0 0 0 0 0 0 0 0 0 0 0 0 0 0 0 0 0
"Groovy" 118 0 0 0 0 0 0 0 0 1 0 0 1 0 9 2 4 0 1 0 0 0 0 0 0 0 0 1 0 0 0 0 0 0 0 1 5 3 0 1 27 1 0 0 0 3 1 0 1 0 0 0 0 0 0 0 0 1 0 0 0 0 0 3 0 0 0 0 0 1 1 0 0 2 0 0 1 0 0 0 0 0 0 0 0 0 0 0 0 0 0 0 0 0 0 0 0
"Haskell" 45 0 1 0 0 0 0 0 0 0 0 0 0 0 3 2 5 0 0 0 0 0 0 0 0 0 0 0 0 0 1 0 0 1 0 0 1 7 0 1 2 0 0 0 0 0 0 0 0 0 0 0 0 0 0 0 0 1 0 0 0 0 0 1 0 0 0 0 1 3 0 0 0 0 0 0 0 0 0 0 0 0 0 0 0 0 0 0 0 0 0 0 0 0 0 0 0
"haXe" 24 5 0 0 0 0 0 0 0 0 0 0 0 0 1 0 0 0 0 0 0 0 0 1 0 0 0 0 0 0 0 0 0 0 0 0 0 0 1 0 4 0 0 0 0 0 0 0 0 0 0 0 0 0 0 0 0 0 0 1 1 0 0 0 0 0 0 0 0 1 0 0 0 0 0 0 0 0 0 0 0 0 0 0 0 0 0 0 0 0 0 0 0 0 0 0 0
"IDL" 899 1 0 2 0 1 6 0 0 5 0 2 2 19 146 9 86 0 1 1 0 0 0 3 0 0 0 0 0 0 0 0 2 9 2 0 0 0 1 50 170 10 4 0 1 3 1 1 5 3 7 0 1 0 0 0 9 0 0 5 8 0 14 14 0 1 9 0 8 16 1 0 0 1 0 0 2 0 2 1 6 0 1 4 0 4 0 1 2 4 0 0 0 0 0 0 0
"Java" 22124 42 2 4 3 18 43 11 18 18 2 7 36 82 712 274 845 0 3 10 5 0 2 95 0 7 3 10 0 5 3 3 8 157 25 13 15 7 2 194 6931 245 16 0 4 17 9 0 10 34 49 0 6 4 13 17 28 35 9 81 140 6 227 768 1 36 128 5 14 190 14 9 11 38 0 1 11 4 6 11 41 4 13 19 10 59 1 1 63 96 2 5 0 2 29 0 0
"JavaScript" 1459 7 1 0 0 1 7 2 1 1 0 2 3 6 46 23 44 0 0 0 1 0 0 1 0 0 0 1 0 0 1 1 4 31 9 1 0 0 0 8 300 138 3 0 1 0 0 1 0 1 4 0 1 1 0 1 0 5 1 5 20 0 26 104 0 4 4 1 2 30 0 1 1 4 1 1 4 0 1 0 3 1 0 1 1 6 0 0 9 9 0 0 0 0 4 0 0
"JSP" 98 1 0 1 0 0 0 1 0 0 0 0 0 1 3 2 1 0 0 0 0 0 0 0 0 0 0 0 0 0 0 0 1 3 0 0 0 0 0 2 25 8 8 0 0 0 0 0 0 0 0 0 0 0 0 0 0 0 0 0 1 0 2 6 0 0 1 0 0 0 0 0 0 0 0 0 0 0 0 0 0 0 0 1 0 1 0 0 0 1 0 0 0 0 0 0 0
"Kaya" 9 0 0 0 0 0 0 0 0 0 0 0 0 1 1 0 1 0 0 0 0 0 0 0 0 0 0 0 0 0 0 0 0 0 0 0 0 0 0 0 1 0 1 2 1 0 0 0 0 0 0 0 0 0 0 0 0 0 0 0 0 0 0 0 0 0 0 0 0 0 0 0 0 0 0 0 0 0 0 1 0 0 0 0 0 0 0 0 0 0 0 0 0 0 0 0 0
"LabVIEW" 68 0 1 0 0 0 0 0 0 2 0 0 0 0 3 0 1 0 0 0 0 0 0 8 0 0 0 0 1 0 0 0 0 3 1 0 0 0 0 0 5 1 0 1 11 1 0 0 0 0 1 0 0 0 2 0 1 0 3 0 1 7 0 1 0 0 0 0 0 0 0 0 0 0 0 0 0 0 0 0 2 0 0 0 0 0 0 0 1 0 0 0 0 0 0 0 0
"Lazarus" 144 0 0 0 0 0 3 0 0 0 0 0 2 0 15 0 10 0 0 0 2 0 0 12 0 0 0 1 2 0 0 0 0 5 1 0 3 0 0 3 14 0 0 0 1 6 6 0 1 0 2 0 0 0 4 1 1 5 3 0 2 3 3 1 0 1 2 0 0 1 0 0 0 0 0 0 2 0 1 0 1 0 1 1 0 2 0 0 1 1 0 0 0 0 0 0 0
"Lisp" 121 0 0 0 0 0 0 0 1 1 1 0 0 4 10 2 6 0 0 0 0 0 0 1 0 0 0 0 0 0 0 0 0 1 0 0 1 0 0 3 8 0 0 0 0 3 20 0 0 0 1 0 0 0 0 0 1 1 0 1 1 0 2 1 0 0 0 0 0 3 0 0 0 1 0 0 1 0 0 0 1 0 0 0 0 1 0 0 0 0 0 0 0 0 0 0 0
"Logo" 16 0 0 0 0 0 0 0 0 0 0 0 0 0 0 1 2 0 0 0 0 0 0 0 0 0 0 0 0 0 0 0 0 0 0 0 0 0 0 0 0 0 0 0 0 0 0 0 0 0 0 0 0 0 0 0 0 0 0 0 0 0 0 1 0 0 0 0 0 1 0 0 0 0 0 0 0 0 0 0 0 0 0 0 0 0 0 0 0 0 0 0 0 0 0 0 0
"LotusScript" 220 0 1 0 0 0 1 0 0 2 0 0 0 0 24 10 49 0 0 0 0 0 0 4 0 2 0 0 0 0 0 0 0 2 0 0 0 0 0 4 13 0 0 0 0 1 0 0 17 1 2 0 0 0 2 0 0 1 1 1 1 1 0 6 0 1 0 0 0 5 0 0 0 0 0 0 0 0 0 0 0 0 0 0 0 0 0 0 0 0 0 0 0 0 0 0 0
"LPC" 270 0 0 1 0 0 0 0 0 1 0 1 0 5 43 4 23 0 0 0 0 0 0 2 0 0 1 1 0 0 0 0 0 3 0 0 0 0 0 3 33 1 0 0 1 0 0 1 1 9 0 0 0 0 0 1 0 0 2 17 4 0 12 13 0 0 4 0 1 5 1 0 0 0 0 0 0 0 0 0 3 0 0 0 0 5 0 0 2 0 0 0 0 0 0 0 0
"Lua" 554 0 0 0 0 1 6 1 0 1 1 0 3 9 68 9 60 0 0 0 1 0 0 6 0 0 1 2 0 0 0 0 0 4 1 0 1 0 1 2 45 0 0 0 0 2 0 1 2 3 14 1 1 0 1 2 0 0 0 7 11 0 14 47 0 4 8 0 0 10 0 0 0 0 0 0 0 2 0 1 7 0 0 1 1 8 0 0 7 1 0 0 0 0 3 0 0
"Mathematica" 4 0 0 0 0 0 0 0 0 0 1 0 0 0 0 0 1 0 0 0 0 0 0 0 0 0 0 0 0 0 0 0 0 0 0 0 0 0 0 0 0 0 0 0 0 0 0 0 0 0 0 0 0 0 0 0 0 0 0 0 0 0 0 0 0 0 0 0 0 0 0 0 0 0 0 0 0 0 0 0 0 0 0 0 0 0 0 0 0 0 0 0 0 0 0 0 0
"MATLAB" 103 0 1 0 0 0 0 0 0 0 0 1 0 4 9 1 14 0 0 0 0 0 0 1 0 0 0 0 0 0 0 0 0 2 0 0 0 0 0 3 6 3 0 0 0 0 0 0 0 0 3 0 18 0 0 0 0 0 0 2 1 0 0 1 0 1 2 0 0 1 0 0 0 0 0 0 1 0 0 0 0 0 0 0 0 0 0 1 1 0 0 0 0 0 0 0 0
"Modula" 37 0 0 0 0 0 0 0 0 0 0 0 0 0 0 1 0 0 0 0 0 0 0 0 0 0 0 0 0 0 0 0 0 0 0 0 0 0 0 0 8 1 0 0 0 0 0 0 0 1 0 0 0 7 0 0 0 0 0 0 0 0 0 3 0 0 2 0 0 0 0 0 0 0 0 0 0 0 0 0 1 0 1 0 0 0 0 0 0 0 0 0 0 0 1 0 0
"MUMPS" 104 0 0 0 0 0 0 0 0 0 0 0 0 1 2 1 2 0 0 0 0 0 0 31 0 0 0 0 0 0 0 0 1 0 0 0 0 0 0 0 2 0 0 0 1 1 0 0 2 1 0 0 0 1 19 0 2 0 3 1 0 3 0 1 0 1 1 0 0 2 0 0 0 0 0 0 0 0 0 0 0 0 0 2 0 1 0 0 0 0 0 0 0 0 0 0 0
"Oberon" 203 0 0 0 1 1 1 0 0 2 0 0 0 3 38 2 19 0 0 0 0 0 0 2 0 0 0 0 0 0 0 0 0 0 0 0 0 0 0 0 19 0 0 0 0 1 0 0 0 1 0 0 0 0 0 12 1 12 0 1 3 0 6 1 0 1 0 0 0 3 0 0 0 0 0 0 0 0 0 1 1 0 0 0 0 2 0 0 1 0 0 0 0 0 1 0 0
"Object Pascal" 216 0 0 0 0 0 0 0 0 0 1 0 0 4 20 2 15 0 0 1 0 0 0 13 0 0 0 0 0 0 0 0 0 4 0 0 0 0 0 8 17 0 0 0 4 1 0 0 0 0 0 0 0 0 4 0 26 2 5 0 1 6 4 4 0 0 4 0 1 10 0 0 0 2 0 0 0 0 0 1 1 0 1 0 0 0 0 0 0 0 0 0 0 0 0 0 0
"Objective C" 579 1 0 0 6 0 2 0 0 5 0 0 0 6 64 4 52 0 0 0 1 0 1 5 0 0 0 0 0 0 0 0 0 0 0 0 1 1 0 5 33 2 0 0 2 3 0 0 1 2 3 0 0 0 0 15 3 89 2 6 5 0 12 3 0 3 2 0 0 13 2 1 0 3 0 0 1 0 0 1 0 2 0 0 0 2 0 0 0 2 0 1 0 0 1 0 0
"Objective-C 2.0" 158 0 0 0 0 0 1 0 0 1 0 0 1 1 10 0 10 0 0 0 0 1 0 18 0 0 0 0 0 0 0 0 0 1 0 0 0 1 0 0 10 0 0 0 2 1 0 0 0 0 0 0 0 0 5 0 2 3 7 0 1 5 0 5 0 1 0 0 1 0 0 0 0 0 0 0 0 0 0 0 0 0 0 1 0 1 0 0 1 0 0 0 0 0 0 0 0
"OCaml (Objective Caml)" 973 2 0 0 2 2 9 0 0 4 0 0 2 11 140 5 59 0 1 0 0 0 0 3 0 1 0 3 0 0 0 0 1 9 0 0 0 0 0 6 77 1 0 0 0 3 1 1 1 16 10 0 0 0 1 6 2 4 0 66 18 0 85 33 0 3 10 0 0 17 1 0 0 2 1 0 1 0 0 3 12 1 0 1 1 14 0 1 7 2 0 0 0 0 3 0 0
"Oz" 1428 8 0 2 2 6 6 1 1 3 0 0 2 10 115 25 89 0 0 0 0 0 0 17 0 0 0 0 0 0 1 0 0 15 1 1 0 0 0 9 154 15 0 0 2 0 1 0 2 7 14 0 0 4 2 4 2 3 4 11 81 4 46 213 2 26 7 2 0 30 1 0 1 4 0 0 0 0 1 1 6 0 0 4 0 12 0 0 13 9 0 1 0 0 5 0 0
"Pascal" 143 0 1 0 0 0 0 0 1 3 0 0 0 2 9 2 8 0 0 0 0 0 0 16 0 0 0 0 0 0 0 0 0 4 1 0 0 0 0 1 3 1 0 0 7 1 0 0 2 0 1 0 0 1 5 0 4 0 6 0 0 25 0 2 1 0 0 0 0 0 0 0 0 1 0 0 0 0 0 0 0 0 0 0 0 0 0 0 1 0 0 0 0 0 0 0 0
"Perl" 3272 1 0 1 0 2 6 0 0 9 0 0 1 26 278 11 152 0 0 1 2 0 2 9 0 0 2 0 0 0 0 0 0 17 2 0 1 0 0 13 151 13 0 0 0 1 4 0 1 17 18 0 1 0 0 6 2 7 1 92 54 0 619 124 0 19 15 4 2 44 3 2 1 8 2 0 0 0 2 5 21 3 3 5 0 42 0 0 14 4 1 1 0 0 4 0 0
"PHP" 9193 17 1 2 4 15 22 0 2 14 4 10 8 24 336 112 341 0 1 4 1 0 1 58 0 1 0 2 0 0 1 0 2 48 3 2 1 0 0 13 717 71 2 0 1 5 3 1 4 18 52 0 1 3 4 7 6 7 8 45 209 8 128 2333 1 48 26 1 8 111 7 4 4 10 0 0 2 0 1 4 21 1 12 8 7 55 0 1 57 34 2 0 0 0 14 1 0
"Pike" 17 0 0 0 0 0 0 0 0 0 0 0 0 0 1 0 3 0 0 0 0 0 0 0 0 0 0 0 0 0 0 0 0 0 0 0 0 0 0 0 2 0 0 0 0 0 0 0 0 0 0 0 0 0 0 0 0 0 0 0 0 0 0 2 1 0 0 0 0 3 0 0 0 0 0 0 0 0 0 0 0 0 0 0 0 0 0 0 1 0 0 0 0 0 0 0 0
"PL/SQL" 356 1 1 1 1 0 2 0 0 0 0 0 2 3 25 9 30 0 0 0 0 0 0 4 0 0 0 0 0 0 0 0 0 11 1 0 0 0 0 4 39 1 0 0 0 0 1 1 0 0 3 0 0 2 0 1 1 1 0 3 20 1 14 33 0 39 2 0 0 2 0 0 1 3 0 0 0 0 0 1 1 0 0 3 1 1 0 0 3 2 0 0 0 0 2 0 0
"PROGRESS" 951 1 2 0 1 0 1 0 0 6 0 2 4 16 144 6 74 0 0 0 0 0 0 4 0 0 1 1 0 0 0 0 0 6 1 0 1 0 0 20 96 3 0 0 1 2 0 0 0 8 0 0 0 1 2 2 6 0 2 8 12 0 15 25 0 5 56 0 4 100 0 1 0 3 0 0 2 0 1 0 8 0 4 1 1 6 0 1 4 3 0 3 0 0 2 0 2
"Project is a programming language" 72 0 0 0 0 0 0 0 0 0 0 0 0 2 16 2 8 0 0 0 0 0 0 0 0 0 0 0 0 0 1 0 1 0 0 0 0 0 0 4 2 1 0 0 0 0 0 0 0 0 0 0 0 0 0 0 2 0 0 0 0 0 3 1 0 0 0 2 0 3 1 0 0 0 0 0 0 0 0 3 1 0 6 0 0 0 0 1 1 2 0 0 0 0 0 0 0
"Prolog" 138 0 0 0 0 0 2 0 0 1 0 0 0 2 19 2 13 0 0 0 0 0 0 0 0 0 0 0 0 0 0 0 0 0 0 0 0 0 0 4 11 0 0 0 0 1 0 0 0 1 1 0 0 0 0 0 0 2 0 3 0 0 2 5 0 2 0 1 3 2 0 0 0 0 0 0 0 0 0 0 5 0 1 1 0 1 0 0 2 0 0 0 0 0 0 0 0
"Python" 5668 9 3 0 1 1 6 0 2 13 3 2 2 31 355 45 420 0 2 0 2 0 1 28 0 3 2 6 0 0 0 0 4 22 0 2 1 0 1 13 257 21 0 0 1 4 1 0 9 10 16 0 3 1 3 4 6 7 5 27 42 4 88 152 3 8 116 7 4 1180 5 3 4 14 0 1 4 0 3 3 19 1 5 4 1 35 0 0 18 13 0 11 0 0 7 0 0
"REALbasic" 252 1 0 0 0 0 1 0 0 0 0 0 2 3 25 4 17 0 0 0 0 0 0 1 0 0 0 0 0 0 1 0 2 1 0 0 0 0 0 1 30 1 0 0 0 0 0 0 0 1 0 0 0 0 0 1 0 1 0 5 3 0 4 9 0 1 0 0 0 3 20 0 1 13 0 0 0 0 0 0 0 0 0 0 0 3 0 0 2 1 0 0 0 0 1 0 0
"REBOL" 69 0 0 0 0 0 1 0 0 0 0 0 1 2 6 1 4 0 0 1 0 0 0 2 0 0 0 0 0 0 0 0 0 0 0 0 0 0 0 0 9 0 0 0 0 0 0 0 0 0 1 0 0 0 0 0 0 0 0 0 0 0 4 2 0 0 2 0 0 2 0 0 0 0 0 0 0 0 0 0 1 0 0 1 0 0 0 0 4 1 0 0 0 0 0 0 0
"Rexx" 47 0 0 0 0 0 3 4 0 0 0 0 2 1 4 3 2 0 0 0 0 0 0 0 0 0 0 0 0 0 0 0 0 0 0 0 0 0 0 1 12 1 0 0 0 0 0 0 0 0 0 0 0 0 0 0 0 0 0 0 0 0 1 2 0 0 0 0 0 2 0 0 8 0 0 0 0 0 0 0 0 0 0 1 2 0 0 0 1 1 0 1 0 0 0 0 0
"Ruby" 639 0 0 0 0 0 1 0 1 1 0 0 2 3 42 6 40 0 0 2 0 0 0 1 0 0 1 0 0 0 0 0 0 3 0 1 2 0 0 2 59 7 1 0 0 3 1 0 1 0 2 0 0 0 0 0 2 3 0 7 4 2 10 20 0 1 2 0 0 15 16 0 0 79 0 0 3 0 0 1 1 1 2 0 0 5 0 0 2 1 0 1 0 0 0 0 0
"S/R" 33 0 0 0 0 0 0 0 0 0 0 0 0 0 1 0 1 0 0 0 0 0 0 0 0 0 0 0 0 0 0 0 0 0 0 0 0 0 0 0 0 0 0 0 0 0 0 0 0 0 0 0 0 0 0 0 0 0 0 1 0 0 1 0 0 0 0 0 0 3 0 0 0 0 5 0 0 0 0 0 0 0 0 1 0 0 0 0 0 1 0 0 0 0 1 0 0
"Scala" 13 0 0 0 0 0 0 0 0 1 0 0 0 0 2 0 0 0 0 0 0 0 0 0 0 0 0 0 0 0 0 0 0 0 0 0 0 0 0 0 3 0 0 0 0 0 0 0 0 0 0 0 0 0 0 0 0 0 0 0 0 0 0 0 0 0 1 0 0 0 0 0 0 0 0 0 0 0 0 0 0 0 0 0 0 0 0 0 0 0 0 0 0 0 1 0 0
"Scheme" 120 0 0 0 0 0 1 0 1 0 0 0 0 2 19 1 13 0 0 0 2 0 0 1 0 0 0 0 0 0 0 0 0 2 0 0 1 1 0 5 10 1 0 0 0 1 1 0 0 0 0 0 1 0 0 0 0 1 0 0 2 0 0 0 0 3 2 0 1 3 1 0 0 6 0 0 12 0 1 0 1 0 0 0 0 0 0 0 0 0 0 0 0 0 0 0 0
"Scilab" 27 0 0 0 0 0 0 0 0 0 0 0 0 0 1 1 2 0 0 0 0 0 0 1 0 0 0 0 0 0 0 0 0 1 0 0 0 0 0 0 5 0 0 0 0 0 0 0 0 0 0 0 0 0 0 0 0 0 0 0 0 0 1 0 0 0 0 0 0 1 0 0 0 1 0 0 0 0 0 0 1 0 0 0 0 0 0 0 0 0 0 0 0 0 0 0 0
"Scriptol" 47 0 0 0 0 0 0 0 0 0 0 0 0 0 7 0 7 0 0 0 0 0 0 0 0 0 0 0 0 0 0 0 0 1 0 0 0 0 0 0 9 0 0 0 0 1 0 0 0 0 1 0 0 0 0 0 0 0 0 1 1 0 0 2 0 0 1 1 0 0 0 0 0 0 0 0 0 0 2 0 0 3 0 0 0 0 0 0 0 0 0 0 0 0 0 0 0
"Simulink" 207 0 0 0 0 0 0 0 0 1 1 0 0 1 47 0 18 0 0 0 0 0 0 0 0 0 0 0 0 0 0 0 1 2 0 0 0 0 0 0 3 0 0 0 0 0 2 0 0 1 0 0 0 0 0 1 0 0 0 1 2 0 3 2 0 1 2 4 1 2 0 0 0 1 0 0 0 0 0 32 1 0 25 0 0 7 0 0 3 0 0 0 0 0 0 0 0
"Smalltalk" 474 0 0 0 1 0 4 0 1 3 3 0 1 4 76 4 41 0 0 0 0 0 0 3 0 0 0 1 0 0 0 0 0 1 1 0 1 0 0 2 41 1 0 0 0 0 0 0 0 5 4 0 0 0 0 1 1 1 2 6 4 0 10 17 0 1 6 0 1 19 0 1 0 1 0 0 0 2 0 0 22 0 1 1 0 20 0 0 1 1 0 0 0 0 1 0 0
"Standard ML" 78 0 0 0 0 1 1 0 0 0 0 0 0 0 11 0 6 0 0 0 0 0 0 0 0 0 0 0 0 0 0 0 1 1 0 0 0 0 0 2 5 0 0 0 0 0 0 0 0 0 0 0 0 0 0 0 0 0 0 0 1 0 1 1 0 0 0 0 0 0 0 0 0 0 0 0 1 0 1 0 1 4 0 0 0 0 0 0 1 2 0 0 0 0 1 0 0
"Tcl" 323 0 1 0 2 0 2 0 0 1 0 0 0 2 54 1 20 0 0 0 0 0 0 0 0 0 0 0 0 0 0 0 0 0 0 0 0 0 0 3 6 0 0 0 0 1 0 0 0 0 1 0 0 0 0 1 1 0 0 2 1 0 5 7 0 0 1 7 0 4 2 0 0 0 0 0 0 0 0 25 0 0 71 0 0 3 0 0 1 0 0 1 0 0 0 0 0
"Transcript/Revolution" 149 0 0 0 0 1 3 0 0 1 0 0 5 1 18 8 10 0 0 0 0 0 0 4 0 0 0 0 0 0 0 0 1 1 0 0 0 0 0 0 14 1 0 0 0 0 0 0 0 0 1 0 0 0 1 0 0 0 0 0 6 0 2 5 0 1 1 0 0 4 0 0 0 0 0 0 0 0 0 0 0 0 0 10 1 0 0 0 17 7 0 0 0 0 0 0 0
"Turing" 94 0 0 0 0 0 6 2 0 0 0 0 2 1 4 10 2 0 0 0 0 0 0 0 0 0 0 0 0 0 0 0 0 2 0 0 0 0 0 1 11 0 0 0 0 0 0 0 0 0 2 0 0 0 0 0 0 0 0 0 2 0 0 2 0 2 0 0 0 1 0 0 1 0 0 0 0 0 0 0 2 0 0 2 2 0 0 0 4 10 0 0 0 0 0 0 0
"Unix Shell" 1045 0 0 0 3 2 5 0 0 5 3 3 1 10 118 6 76 0 0 0 0 0 0 4 0 0 1 1 0 0 0 1 0 5 0 0 0 0 0 10 42 7 1 0 1 0 1 0 0 7 7 0 0 1 0 4 0 2 1 16 23 3 36 55 0 5 2 0 6 31 2 2 0 6 0 0 1 0 0 5 19 0 2 0 0 129 0 1 5 3 0 2 0 0 1 0 0
"VBScript" 34 0 0 0 0 0 0 0 0 0 0 0 0 0 1 1 0 0 0 0 0 0 0 0 0 0 0 0 0 0 0 0 0 0 0 0 0 0 0 0 0 0 0 0 0 0 0 0 0 0 0 0 0 0 0 0 0 0 0 1 0 0 0 0 0 0 0 0 0 0 0 0 0 0 0 0 0 0 0 0 0 0 0 0 0 1 2 0 1 1 0 0 0 0 0 0 0
"VHDL/Verilog" 26 0 0 0 0 0 0 0 0 1 0 0 0 1 5 1 4 0 0 0 0 0 0 0 0 0 0 0 0 1 0 0 0 0 0 0 0 0 1 0 2 0 0 0 0 0 1 0 0 0 0 0 0 0 0 0 0 0 0 0 0 0 1 1 0 0 0 0 0 0 1 0 0 0 0 0 0 0 0 0 1 0 0 0 0 0 0 1 0 0 0 0 0 0 0 0 0
"Visual Basic" 841 0 0 0 0 7 7 0 1 3 0 4 1 8 35 25 50 0 0 0 0 0 0 6 0 0 0 0 0 0 0 0 0 5 0 0 0 0 0 0 33 5 0 0 0 0 0 0 1 1 2 0 0 0 0 0 0 1 1 6 9 0 11 29 1 2 2 1 2 11 0 1 0 0 0 1 0 0 1 3 2 2 0 10 1 1 1 0 186 10 4 0 0 0 1 0 0
"Visual Basic .NET" 1013 1 0 0 0 1 7 2 0 2 0 2 3 5 22 55 41 0 0 2 0 0 0 6 0 0 0 0 0 0 1 0 0 12 2 0 0 0 0 2 86 2 0 0 0 0 0 1 1 0 2 0 0 0 1 1 0 0 0 2 7 0 6 33 0 3 2 1 0 8 0 1 1 2 0 0 1 0 0 0 2 5 0 11 8 2 0 0 43 170 1 0 0 0 8 0 0
"Visual Basic for Applications (VBA)" 55 0 0 0 0 0 0 0 0 0 0 1 0 1 10 1 2 0 0 0 0 0 0 0 0 0 0 0 0 0 0 0 0 0 0 0 0 0 0 1 1 1 0 0 0 0 0 0 0 0 1 0 0 0 0 0 0 0 0 0 0 0 2 4 0 0 0 0 0 0 0 0 0 0 0 0 0 1 0 0 1 0 0 1 0 0 0 0 2 0 5 0 0 0 0 0 0
"Visual FoxPro" 47 0 0 0 0 0 0 0 0 0 0 0 0 0 0 0 0 0 0 0 0 0 0 0 0 0 0 0 0 0 0 0 0 0 0 0 0 0 0 0 5 0 0 0 0 0 0 0 0 0 0 0 0 0 0 0 0 0 0 0 0 0 0 2 0 0 1 0 0 6 0 0 0 0 0 0 0 0 0 0 0 0 1 0 0 0 0 0 0 0 0 4 0 0 0 0 0
"XBase/Clipper" 2 0 0 0 0 0 0 0 0 0 0 0 0 0 0 0 0 0 0 0 0 0 0 0 0 0 0 0 0 0 0 0 0 0 0 0 0 0 0 0 0 0 0 0 0 0 0 0 0 0 0 0 0 0 0 0 0 0 0 0 0 0 0 0 0 0 0 0 0 0 0 0 0 0 0 0 0 0 0 0 0 0 0 0 0 0 0 0 0 0 0 0 1 0 0 0 0
"XBasic" 18 0 0 0 0 0 0 0 0 0 0 0 0 0 1 0 1 0 0 0 0 0 0 0 0 0 0 0 0 0 0 0 0 0 0 0 0 0 0 0 2 0 0 0 0 0 0 0 0 0 0 0 0 0 0 0 0 0 0 0 0 0 0 0 0 0 0 0 0 0 0 0 0 0 0 0 0 0 0 0 0 0 0 0 0 0 0 0 0 0 0 0 0 5 0 0 0
"XSL (XSLT/XPath/XSL-FO)" 258 2 0 0 1 2 4 0 0 1 0 1 2 1 15 14 35 0 0 0 0 0 0 2 0 2 1 0 0 0 0 0 0 0 0 1 0 1 0 0 32 2 0 0 0 0 0 0 1 0 4 0 0 0 1 2 0 0 0 4 1 0 6 9 0 0 2 0 1 3 0 0 0 1 0 0 1 0 0 0 1 1 0 0 0 1 0 0 1 4 0 0 0 0 17 0 0
"Yacc" 15 0 0 0 0 0 1 0 0 0 0 0 0 1 5 1 4 0 0 0 0 0 0 0 0 0 0 0 0 0 0 0 0 0 0 0 0 0 0 1 0 0 0 0 0 0 0 0 0 0 0 0 0 0 0 0 0 0 0 0 0 0 2 0 0 0 0 0 0 0 0 0 0 0 0 0 0 0 0 0 0 0 0 0 0 0 0 0 0 0 0 0 0 0 0 0 0
"Zope" 8 0 0 0 0 0 0 0 0 0 0 0 0 0 1 0 0 0 0 0 0 0 0 0 0 0 0 0 0 0 0 0 0 0 0 0 0 0 0 0 0 0 0 0 0 0 0 0 0 0 0 0 0 0 1 0 0 0 0 0 0 0 0 1 0 0 3 0 0 1 0 0 0 0 0 0 0 0 1 0 0 0 0 0 0 0 0 0 0 0 0 0 0 0 0 0 2
