"Prolog" "VBScript" "Scheme" "Groovy" "Fortran" "Lisp" "MATLAB" "Object Pascal" "BASIC" "ASP" "Pascal" "Lua" "XSL (XSLT/XPath/XSL-FO)" "ActionScript" "Tcl" "ASP.NET" "Objective C" "PL/SQL" "Ruby" "JSP" "Assembly" "Visual Basic .NET" "Visual Basic" "Delphi/Kylix" "Unix Shell" "Perl" "JavaScript" "C#" "Python" "C" "PHP" "C++" "Java"
"3D Modeling" 0 0 1 0 0 1 0 1 0 0 0 3 1 3 2 0 4 0 0 0 0 1 3 4 0 3 3 12 30 39 0 126 35
"3D Rendering" 1 0 5 2 4 3 0 14 5 0 7 38 1 11 14 1 17 2 4 2 42 9 14 33 8 16 22 109 122 304 15 1011 257
"Accounting" 0 0 0 4 0 0 0 6 0 4 4 1 10 3 6 12 5 42 11 20 0 20 24 30 6 49 74 59 69 44 217 75 263
"Administration" 0 0 0 2 0 0 0 0 0 0 1 0 0 1 0 1 0 0 4 11 0 0 1 1 2 2 14 14 5 4 44 7 38
"Agile development tools" 0 0 0 4 0 0 0 0 0 0 0 0 1 1 0 1 0 0 1 2 0 1 0 1 2 2 10 11 4 2 18 10 30
"AJAX" 0 0 1 0 0 0 0 0 0 0 0 0 9 2 0 8 1 5 4 16 0 2 0 2 1 3 137 6 9 4 109 3 60
"Algorithms" 1 1 3 0 0 2 1 3 1 1 4 0 0 1 0 4 2 1 2 2 5 11 2 6 3 6 10 41 19 81 15 130 119
"Analysis" 0 0 0 0 0 1 5 0 0 0 1 0 0 0 0 1 2 1 0 0 0 1 2 3 1 6 3 8 14 37 5 44 36
"Animation" 0 0 0 0 0 0 2 0 0 0 0 0 0 1 0 0 0 0 0 0 1 1 0 0 0 0 1 3 4 3 2 7 4
"Anti-Malware" 0 0 0 0 0 0 0 0 0 0 0 0 0 0 0 0 0 0 1 0 1 1 0 0 1 2 0 1 5 4 3 1 3
"Anti-Spam" 0 0 0 0 0 0 0 0 0 0 0 0 0 0 0 0 0 0 0 0 0 0 0 0 2 2 2 0 0 7 3 2 3
"Anti-Virus" 0 0 0 0 0 0 0 0 0 0 0 0 0 0 0 0 0 0 0 0 0 1 0 1 2 4 0 3 2 8 5 12 2
"AOL Instant Messenger" 0 1 0 0 0 1 0 0 0 1 0 0 0 1 6 0 6 0 1 1 0 3 10 0 0 20 3 11 6 29 14 12 23
"Application Servers" 0 1 0 3 1 0 0 0 0 2 0 4 1 0 1 6 1 3 1 10 0 2 1 0 3 4 9 22 11 23 32 34 108
"Archiving" 0 0 0 0 0 0 0 3 0 0 5 1 5 0 3 1 1 0 3 6 2 4 10 19 17 45 16 23 47 79 45 84 87
"Artificial Intelligence" 41 0 9 2 1 42 21 1 3 2 6 5 5 1 10 3 12 5 11 4 23 8 19 18 15 46 23 96 129 226 54 484 622
"Assemblers" 0 0 0 0 0 0 0 0 0 0 1 0 0 0 0 0 0 0 0 0 1 0 0 0 0 0 0 2 0 6 0 1 2
"Astronomy" 0 0 0 0 19 0 3 2 0 0 4 5 1 0 3 1 6 1 2 5 4 3 12 5 13 12 8 19 47 105 18 120 77
"Authentication/Directory" 0 1 0 0 0 0 0 0 0 0 0 0 0 0 1 0 1 3 0 1 0 1 1 1 5 12 4 6 13 45 31 10 19
"AutoCAD DXF" 0 0 0 0 0 0 0 0 0 0 0 0 0 0 0 0 0 0 0 0 0 0 0 0 0 0 0 0 0 0 0 0 1
"Backup" 1 3 2 0 0 0 0 3 4 0 2 0 0 0 6 2 5 1 4 1 0 15 10 17 138 98 7 52 70 111 49 110 102
"Bazaar" 0 0 0 0 0 0 0 0 0 0 0 0 0 0 0 0 0 0 0 0 0 0 0 0 0 0 0 0 0 1 0 0 0
"BBS" 0 1 0 1 0 0 1 0 2 9 3 1 2 7 0 11 3 18 7 9 2 8 10 4 6 28 83 24 11 32 463 28 68
"Benchmark" 0 0 0 0 0 0 0 0 1 0 2 0 2 0 0 1 2 0 2 0 6 2 5 5 11 14 3 8 13 66 8 35 40
"Billing" 0 0 0 0 0 0 0 0 0 0 0 0 1 0 0 0 0 2 0 0 0 0 1 1 0 2 0 2 1 2 7 2 3
"Binary editors" 0 0 0 0 0 0 0 0 0 0 0 0 0 0 0 0 1 0 0 0 0 0 0 0 0 1 0 1 2 2 1 3 2
"Bio-Informatics" 5 0 1 1 20 2 33 1 1 1 6 2 12 5 7 9 8 21 13 21 5 16 23 10 25 273 52 51 205 217 82 310 612
"BitTorrent" 0 0 0 0 0 1 0 0 1 0 0 1 1 0 0 3 4 4 0 1 0 4 0 3 6 4 14 20 32 25 80 48 53
"Blogging" 0 0 0 0 0 0 0 0 0 0 0 0 2 2 0 10 0 1 8 6 0 0 0 0 1 6 47 12 8 1 151 4 27
"Board Games" 0 0 0 0 0 1 0 4 0 1 12 5 1 6 7 3 10 1 12 8 8 14 22 21 1 16 44 83 67 149 62 353 521
"Boot" 0 0 0 0 0 0 0 0 0 0 1 0 0 0 0 0 1 0 0 0 33 0 3 3 10 6 0 3 4 47 0 10 4
"Browsers" 1 3 2 1 0 0 0 0 3 3 1 0 5 8 2 10 13 3 6 11 2 48 54 12 6 15 170 62 28 60 71 101 95
"BSD" 0 0 0 0 0 0 0 0 0 0 0 0 0 0 1 0 2 0 0 0 6 0 0 0 6 3 1 0 2 25 2 8 0
"Budgeting and Forecasting" 0 0 0 1 0 0 0 0 0 1 0 1 0 1 1 2 3 4 2 4 0 5 2 4 0 1 17 20 14 3 27 18 66
"Build Tools" 0 0 4 8 6 8 0 8 2 3 13 8 12 9 15 8 8 8 18 11 28 14 41 58 75 84 55 138 124 252 109 329 771
"Business Continuity" 0 0 0 0 0 0 0 0 0 0 0 0 1 0 0 0 0 1 0 0 0 0 0 1 1 0 0 0 0 0 1 0 1
"Business Intelligence" 0 0 0 0 0 0 0 0 0 1 0 0 0 2 0 5 0 1 0 1 0 1 1 0 0 2 7 11 3 1 28 1 37
"Business Performance Management" 0 0 0 0 0 0 0 0 0 1 0 0 2 0 0 9 0 1 2 8 0 3 2 2 0 2 11 8 7 1 26 6 39
"Business Process Management" 0 0 0 0 0 0 0 0 0 0 0 0 0 1 0 1 0 0 0 1 0 1 0 0 0 1 1 2 1 0 4 0 12
"Business Service Management" 0 1 0 1 0 0 0 0 0 1 0 0 0 0 0 1 0 0 0 1 0 0 0 0 0 1 8 2 1 2 12 2 13
"Calendar" 0 0 0 0 0 0 0 0 0 2 0 2 1 0 1 4 1 1 4 5 0 5 7 3 3 9 28 23 19 11 44 19 49
"Capture" 0 0 0 0 0 0 0 0 0 1 2 0 0 0 0 2 2 0 0 0 1 1 4 6 3 6 1 12 5 28 4 34 21
"Capture/Recording" 0 0 0 0 0 0 1 0 2 0 0 0 0 1 1 1 2 0 0 0 2 1 0 2 4 6 0 5 3 36 5 48 16
"Card Games" 1 1 0 1 1 0 0 1 1 0 1 2 2 1 0 3 1 3 5 2 1 11 5 4 0 3 12 49 44 21 23 111 182
"CASE" 0 0 1 2 0 0 0 0 0 0 0 0 6 0 0 0 1 3 1 13 2 5 3 1 0 4 15 21 10 12 23 36 140
"Cataloguing" 0 0 0 1 0 0 0 0 0 0 0 0 1 4 0 0 1 1 1 3 0 5 1 3 1 6 9 25 16 6 19 18 37
"CD Audio" 0 1 0 0 0 0 0 1 0 0 0 0 0 0 1 0 0 0 0 0 0 1 1 4 3 8 0 2 2 8 0 16 6
"CD Playing" 0 0 0 0 0 0 0 0 0 0 0 0 0 0 0 0 0 0 0 0 0 0 2 1 1 2 0 1 0 23 0 10 3
"CD Ripping" 0 0 0 0 0 0 0 0 0 0 0 0 0 0 1 0 0 1 0 0 0 3 5 6 7 17 0 4 14 28 3 24 7
"CGI Tools/Libraries" 0 1 1 0 1 1 0 1 0 13 3 1 8 4 2 5 2 14 8 5 2 0 5 4 7 136 93 12 49 65 349 52 92
"Chat" 0 2 3 0 0 3 0 7 5 11 3 15 1 13 23 14 22 10 13 17 5 31 75 66 11 88 143 137 85 322 297 400 568
"Chemistry" 0 0 1 0 16 0 6 0 1 0 1 1 1 0 3 1 2 2 1 2 0 3 4 0 3 9 5 6 35 29 4 52 53
"Clustering" 0 0 0 3 2 0 0 0 0 1 0 1 3 2 2 0 2 0 2 1 1 1 0 2 42 47 4 12 40 100 28 44 92
"CMS Systems" 0 2 0 1 0 0 0 0 1 14 1 0 16 10 1 31 0 14 5 15 0 3 0 1 3 15 227 30 23 0 855 5 62
"Code Generators" 7 1 6 3 2 8 2 2 8 3 11 4 27 15 7 12 7 11 14 15 20 30 27 39 9 45 79 191 112 214 167 224 644
"Codec" 0 1 0 0 0 0 1 1 0 0 2 0 1 1 0 0 1 0 0 0 2 0 0 2 0 0 0 3 3 20 1 21 5
"Collaborative development tools" 0 0 0 1 0 0 0 0 0 0 0 1 0 0 0 1 0 0 2 3 0 0 0 1 3 0 9 6 6 2 11 7 21
"Collection management" 0 0 0 0 0 0 0 0 0 0 0 0 0 0 0 0 0 0 0 0 0 1 0 0 0 0 2 5 2 2 1 4 2
"Comma-separated values (CSV)" 0 0 0 0 0 0 0 0 0 0 0 0 0 0 0 0 0 0 0 0 0 1 0 1 1 1 0 2 5 4 3 2 12
"Communications" 0 1 1 3 0 2 1 0 1 7 6 6 7 11 14 6 20 23 31 31 5 24 40 21 23 92 111 131 114 273 432 273 549
"Compilers" 2 0 17 1 3 8 1 4 13 0 15 2 0 2 3 1 8 1 0 0 42 3 14 15 3 12 11 45 33 194 17 166 150
"Composition" 0 0 1 0 0 1 0 0 0 0 0 0 0 0 0 0 0 0 1 0 1 0 0 0 0 0 1 1 2 5 2 12 6
"Compression" 0 0 0 0 0 0 0 3 0 0 5 0 0 0 2 0 5 0 3 1 11 3 4 11 13 15 2 18 19 90 4 63 48
"Computer Aided Instruction (CAI)" 3 0 2 3 0 1 3 1 4 6 2 2 6 23 5 13 6 6 7 10 0 9 13 13 2 23 66 53 62 67 139 113 277
"Computer Aided Translation (CAT)" 0 0 0 0 0 0 0 0 0 0 0 0 0 0 0 0 0 0 0 0 0 0 0 0 0 0 0 0 0 0 0 0 2
"Computer-aided technologies (CADD/CAM/CAE)" 0 0 0 0 1 1 2 0 0 0 0 1 0 0 1 0 0 0 0 1 0 1 0 0 0 0 1 2 9 3 0 12 3
"Conferencing" 0 0 1 1 0 0 0 0 0 4 0 0 0 7 3 6 4 2 1 4 1 2 4 8 1 14 24 17 11 33 76 46 91
"Configuration Management Database (CMDB)" 0 0 0 1 0 0 0 0 0 0 0 0 0 0 0 0 0 0 0 0 0 0 0 0 0 1 1 0 0 0 2 1 1
"Console-based Games" 0 0 0 0 1 0 0 1 5 0 7 8 1 3 1 0 3 1 1 0 9 7 4 4 3 10 4 56 39 93 6 155 54
"Conversion" 0 0 1 0 0 0 0 2 5 0 3 0 0 2 3 2 9 0 0 0 10 18 13 16 31 35 2 53 45 99 12 118 54
"Cooking" 0 0 0 0 0 0 0 0 0 0 0 0 0 1 0 0 0 0 0 0 0 0 1 0 0 0 0 0 1 0 1 1 4
"CORBA" 0 0 0 0 0 1 0 0 0 0 0 0 0 0 0 0 1 0 2 0 1 1 0 1 0 3 3 1 7 8 0 23 17
"CRM" 0 0 0 3 0 0 0 0 0 0 0 1 3 2 0 11 0 3 6 8 0 5 4 1 1 2 26 27 8 0 92 9 74
"Cron and scheduling" 0 1 0 1 0 0 0 0 0 0 0 0 0 0 0 0 1 0 0 0 0 0 0 1 0 2 1 0 5 3 4 3 4
"Cross Compilers" 0 0 3 0 2 1 0 1 2 0 1 1 0 2 1 1 1 0 1 0 23 4 0 4 6 4 3 18 6 75 2 44 31
"Cryptography" 0 2 1 0 0 2 2 3 2 1 8 0 2 1 7 6 12 5 7 5 24 23 32 22 29 62 31 103 90 402 73 285 351
"CVS" 0 0 0 0 0 1 0 0 0 3 1 0 0 0 4 1 1 0 2 3 0 1 3 5 11 34 8 9 16 24 26 28 44
"Data Formats" 1 1 1 0 0 1 4 3 4 1 2 3 8 3 1 6 6 1 5 2 5 10 8 13 6 27 17 80 58 125 51 128 224
"Data recovery" 0 0 0 0 0 0 0 0 0 0 0 0 0 1 0 0 0 0 1 0 0 0 0 0 3 4 0 4 2 9 2 9 3
"Data Warehousing" 0 0 0 0 0 0 0 0 0 0 1 0 1 2 2 3 0 3 2 7 0 6 1 1 0 2 2 11 4 6 17 8 28
"Database" 1 5 4 4 1 5 1 9 5 21 13 4 23 8 16 24 9 162 19 28 4 54 45 67 45 179 109 256 192 263 595 349 782
"Database Engines/Servers" 1 1 2 4 0 3 2 5 1 12 8 7 12 4 10 18 4 85 5 21 5 22 30 32 25 59 44 97 63 173 198 211 403
"Debuggers" 0 0 2 0 1 3 0 1 1 0 2 1 1 2 4 1 2 3 2 1 24 1 6 11 3 14 8 17 27 130 21 97 92
"Design" 0 0 0 1 0 1 0 1 2 1 1 0 6 2 0 4 1 3 2 9 3 10 5 10 1 7 25 44 24 23 36 50 140
"Desktop Environment" 2 1 3 2 0 2 0 1 3 1 5 3 0 7 24 2 28 1 10 0 11 27 25 42 25 32 36 122 95 262 30 277 207
"Desktop Publishing" 0 0 0 0 0 0 0 0 1 0 0 1 0 1 0 0 0 0 0 0 0 1 1 0 1 0 1 2 5 2 1 5 5
"Digital Camera" 0 0 0 0 0 0 1 1 0 0 0 0 0 0 1 1 5 0 0 0 0 1 2 1 3 5 2 6 3 23 4 25 15
"Digital preservation" 0 0 0 0 0 0 0 0 0 0 0 0 0 0 0 0 0 0 0 0 0 0 1 0 0 1 1 0 1 2 4 1 6
"Direct Connect" 0 0 0 0 0 0 0 0 0 0 0 3 0 0 0 0 0 0 0 0 0 0 0 1 0 0 0 2 1 4 1 4 5
"Display" 0 1 0 0 0 0 0 0 0 0 0 0 0 12 1 0 3 0 1 0 9 5 2 10 1 3 3 19 11 50 12 55 24
"Distributed Computing" 3 0 2 1 1 1 2 1 0 0 1 0 3 0 4 0 3 1 6 8 0 2 3 6 13 15 11 22 65 100 17 100 329
"DocBook" 0 0 2 0 0 0 0 0 1 0 0 1 11 0 0 1 0 0 0 2 0 1 0 0 2 1 0 0 4 1 1 4 9
"Documentation" 1 1 3 0 0 6 0 3 2 1 4 2 17 0 6 9 1 6 7 7 4 9 7 7 10 33 39 49 47 34 88 50 146
"DVD" 0 0 0 0 0 0 0 0 1 1 0 0 0 0 1 0 0 0 2 1 3 1 2 0 5 3 3 8 14 15 10 24 16
"Dynamic Content" 0 6 4 8 0 6 0 1 0 79 1 5 39 31 16 80 4 95 54 72 0 22 25 18 22 273 943 141 190 99 3076 63 638
"E-Commerce / Shopping" 0 0 0 0 0 0 0 1 2 3 3 1 2 10 0 12 1 10 7 28 0 7 2 1 1 7 52 28 14 6 187 5 105
"Earth Sciences" 0 1 0 0 17 0 9 1 1 0 0 1 1 1 5 1 1 1 0 5 0 3 6 2 2 10 11 14 34 34 16 39 49
"Ecosystem Sciences" 0 0 0 0 6 1 3 0 1 0 0 0 2 2 1 2 1 1 1 3 1 1 2 2 1 0 3 6 3 12 7 15 28
"Editors" 1 0 1 0 0 0 1 0 0 0 1 1 0 1 2 0 5 0 1 1 4 3 7 7 5 4 1 21 22 34 6 108 76
"Education" 2 0 4 5 0 8 4 10 7 11 14 3 17 21 8 18 20 26 23 63 11 40 52 48 21 74 146 129 138 180 439 322 750
"Electronic Design Automation (EDA)" 0 0 1 0 2 3 1 1 2 0 6 2 5 0 17 0 4 2 5 0 17 2 4 7 3 30 2 14 31 146 7 206 93
"Emacs" 0 0 0 0 0 22 0 0 0 0 1 0 0 0 0 0 3 0 1 0 0 0 0 0 0 1 0 0 1 12 2 2 3
"Email" 0 2 0 1 0 1 2 5 3 6 3 2 3 9 7 11 6 11 13 27 5 22 27 32 21 117 83 79 74 157 258 167 282
"Email Clients (MUA)" 0 1 1 1 0 2 0 0 0 0 4 1 0 1 3 3 8 5 6 9 3 7 13 18 5 35 45 29 30 59 116 64 117
"Embedded systems" 0 0 0 0 0 0 2 0 0 0 0 0 0 0 1 0 0 0 0 0 17 2 1 1 8 1 0 6 7 108 0 48 19
"Emulators" 0 1 0 0 1 1 0 3 6 0 4 2 1 2 1 0 9 3 1 0 90 6 12 7 13 11 7 31 24 284 12 227 88
"Enlightenment" 0 0 0 0 0 0 0 0 0 0 0 0 0 0 0 1 0 1 0 0 0 1 0 0 1 0 1 3 2 9 1 4 1
"Enterprise" 0 2 0 5 0 0 1 1 2 4 1 0 7 3 1 22 1 18 14 46 0 15 5 16 6 24 72 51 16 14 170 27 268
"ERP" 0 0 0 2 0 0 0 2 1 0 1 0 2 1 0 13 0 9 7 19 0 3 1 9 3 4 31 23 10 8 65 8 104
"ETL" 0 0 0 0 0 0 0 0 0 0 0 0 0 0 0 1 0 0 0 0 0 0 0 0 0 0 0 1 0 0 0 0 2
"Fax" 0 1 0 0 0 0 0 0 0 0 0 0 0 1 2 0 0 0 0 0 0 0 1 1 3 3 0 4 3 4 7 14 7
"FIDO" 0 0 0 0 0 0 0 2 0 0 6 0 0 0 0 0 0 0 0 1 1 0 0 5 3 5 1 1 1 27 3 14 3
"File Management" 0 1 1 2 0 0 1 4 3 0 4 2 4 3 2 2 6 3 7 2 9 19 12 17 23 31 23 88 59 130 57 128 159
"File Sharing" 0 0 0 0 2 0 0 2 4 2 1 7 0 2 3 5 18 7 6 5 9 11 31 34 12 49 47 86 78 136 213 240 271
"File Transfer Protocol (FTP)" 0 1 1 0 0 0 0 1 0 3 1 1 0 1 5 1 2 1 0 1 2 6 8 12 3 22 13 32 28 58 63 47 76
"Filesystems" 0 2 0 0 0 0 0 4 1 0 4 0 0 3 3 1 8 3 4 1 34 16 19 14 21 34 12 53 56 354 28 173 108
"Filters" 0 0 1 0 0 0 0 0 0 0 0 0 1 1 3 0 2 2 4 0 0 1 5 3 21 98 5 11 32 111 45 49 36
"Financial" 1 0 0 1 0 1 0 2 1 2 0 0 1 1 1 5 3 9 11 14 0 11 7 8 6 24 34 34 35 26 110 58 148
"Finger" 0 0 0 0 0 0 0 0 0 0 0 0 0 0 0 0 0 0 0 0 0 0 2 1 1 1 1 6 0 4 5 3 3
"Firewalls" 0 1 0 0 0 0 0 0 0 0 0 0 1 1 1 1 0 2 2 1 3 1 1 8 62 67 6 14 25 111 43 61 33
"First Person Shooters" 0 1 1 0 0 0 0 1 3 1 0 29 1 3 1 2 3 0 0 1 23 8 18 14 4 28 8 40 24 187 37 387 57
"Flight simulator" 0 0 0 0 0 0 0 0 4 0 1 2 0 0 0 0 0 0 0 0 0 0 0 1 0 1 1 1 3 8 1 12 6
"Fonts" 0 0 0 0 0 0 0 0 0 0 0 0 0 0 0 0 0 0 0 0 0 0 0 0 0 0 1 1 2 2 2 3 2
"Fractals and Procedural Generation" 0 0 0 0 0 0 0 0 0 0 0 0 0 0 0 0 0 0 0 0 0 0 0 3 0 0 0 2 2 3 1 2 6
"Frameworks" 3 4 2 21 0 5 0 9 10 8 6 13 40 64 12 81 25 21 23 93 8 42 7 28 14 54 385 332 113 192 769 461 1458
"Front-Ends" 4 6 5 4 2 5 1 12 7 34 10 5 17 16 25 25 16 149 30 53 6 54 73 79 34 240 255 232 165 207 1010 286 850
"Game development framework" 0 0 0 1 0 0 0 1 1 1 1 13 0 8 2 1 4 1 2 0 2 8 0 4 0 0 7 21 12 21 6 95 24
"Games/Entertainment" 0 0 0 4 0 1 0 20 21 7 14 50 2 29 18 7 20 14 16 4 32 38 77 78 12 46 75 244 176 369 224 992 517
"Genealogy" 0 0 0 0 0 0 0 1 0 1 0 0 2 0 0 2 3 2 1 1 0 0 3 4 1 4 14 14 15 10 39 11 31
"Genetic Algorithms" 0 0 0 0 0 1 1 0 2 0 1 0 0 1 1 2 0 0 0 2 0 3 0 4 1 3 6 11 3 14 6 25 30
"GIS" 2 1 0 1 6 0 2 1 0 3 2 2 11 4 6 5 1 14 2 8 1 14 25 15 5 16 51 63 52 81 76 146 267
"Git" 0 0 0 0 0 0 0 0 0 0 0 0 0 0 0 0 0 0 1 0 0 0 0 0 0 0 0 1 2 0 0 1 0
"Gnome" 0 0 4 0 0 1 0 1 1 0 0 1 1 0 1 0 2 0 9 0 2 0 0 0 25 20 2 21 139 254 7 69 17
"GNU Hurd" 0 0 0 0 0 0 0 0 0 0 0 0 0 0 0 0 0 0 0 1 2 0 0 0 0 0 1 1 0 5 0 0 1
"Gnutella" 0 0 0 0 0 0 0 1 0 0 0 0 0 0 0 0 3 0 0 0 0 3 3 2 0 2 2 2 4 13 5 23 24
"GPS (Global Positioning System)" 0 0 0 0 0 0 1 0 1 1 0 0 0 0 0 2 1 0 0 0 0 2 1 0 0 2 5 6 6 4 3 13 23
"Graphics" 2 1 3 0 4 7 0 9 6 5 7 6 4 12 17 2 26 5 5 6 25 17 30 59 12 49 47 110 157 344 111 538 317
"Graphics Conversion" 0 0 0 1 0 1 2 1 1 0 0 0 1 3 0 0 3 0 2 1 1 5 3 4 5 9 3 27 26 59 16 63 53
"Groupware" 0 0 0 0 0 0 0 0 0 0 0 0 0 0 0 0 1 0 0 0 0 0 0 0 0 0 2 1 1 0 7 0 1
"Ham Radio" 0 0 0 0 0 0 3 0 0 0 0 0 0 0 4 0 2 0 1 1 5 4 4 4 3 17 3 8 17 63 15 52 28
"Handwriting recognition" 0 0 0 0 0 0 0 0 0 0 0 0 0 0 0 0 0 0 0 0 0 0 0 0 0 0 0 0 1 3 0 0 0
"Hardware" 0 3 0 0 0 0 0 4 5 2 5 0 2 1 6 0 7 0 4 1 65 8 11 19 33 40 2 22 38 336 18 184 50
"Hardware Watchdog" 0 2 0 0 0 0 0 0 0 0 0 0 0 0 1 1 0 2 2 1 0 2 2 0 5 13 1 6 4 15 9 15 14
"History" 0 0 0 0 0 0 0 0 0 1 1 0 2 1 1 3 2 0 4 0 0 1 1 2 1 4 4 2 7 4 14 11 16
"Hobbies" 0 0 0 0 0 0 0 0 0 0 0 0 1 2 0 1 0 1 1 0 0 7 0 2 0 0 5 7 3 1 7 12 16
"Home Automation" 0 0 0 0 0 1 0 0 1 0 1 0 0 0 0 0 0 0 0 0 0 0 0 0 6 6 0 7 6 15 1 8 10
"Home Theater PC" 0 2 0 0 0 0 0 1 0 0 0 0 0 4 0 2 3 1 0 1 3 7 6 4 11 10 16 45 20 32 15 40 37
"HTML/XHTML" 0 0 0 2 0 1 0 3 0 1 2 1 9 2 1 2 2 5 5 12 0 2 3 5 2 16 85 13 23 17 123 28 82
"HTTP Servers" 2 1 1 0 0 3 0 1 0 5 1 2 2 4 2 11 2 1 7 7 1 1 17 7 11 46 35 40 44 185 111 71 145
"Human Machine Interfaces" 3 0 1 1 0 2 4 2 0 2 3 0 1 1 6 2 11 3 2 4 17 4 9 10 6 12 30 34 48 129 20 137 152
"Human Resources" 0 0 0 1 0 0 0 0 0 0 0 0 0 0 0 1 0 0 0 0 0 0 0 0 0 0 4 5 0 0 19 1 11
"Humanitarianism" 0 0 0 1 0 0 0 0 0 0 0 0 0 1 0 0 0 0 0 0 0 0 0 0 0 1 0 1 0 1 1 0 1
"I18N (Internationalization)" 0 0 1 2 0 2 1 0 0 0 2 0 0 1 1 2 2 1 1 7 0 2 0 11 5 9 21 9 15 14 49 17 94
"ICQ" 0 0 0 0 1 1 0 1 0 1 2 0 0 1 2 0 5 1 0 1 1 1 5 17 2 19 4 14 11 62 21 68 52
"Image Galleries" 0 0 0 0 0 0 1 0 1 1 0 2 4 13 0 7 2 2 3 2 0 6 5 3 6 9 43 31 17 10 131 31 76
"IMAP" 0 0 0 0 0 0 0 0 1 3 0 0 1 3 1 2 0 1 0 3 0 1 2 1 3 8 6 12 14 23 38 15 27
"Indexing/Search" 0 0 0 1 0 1 0 0 0 2 1 0 6 5 4 4 1 11 5 12 0 7 7 3 13 76 47 40 59 44 204 71 217
"Information Analysis" 6 1 2 4 5 7 28 2 3 2 2 0 15 2 6 11 7 10 13 10 11 19 10 13 15 78 41 61 132 170 102 253 583
"Init" 0 0 0 0 0 0 0 0 1 0 0 0 0 0 0 0 0 0 0 0 5 1 2 0 11 0 0 2 3 20 0 10 1
"Installation/Setup" 0 4 1 0 0 1 0 0 4 2 2 1 0 3 5 1 2 0 4 0 5 8 11 17 101 45 1 36 60 68 36 76 55
"Insurance" 0 0 0 1 0 0 0 0 0 1 1 0 0 0 0 0 0 1 0 0 0 0 1 0 0 0 0 0 0 0 1 0 3
"Integrated Development Environments (IDE)" 2 1 2 0 0 11 3 6 3 2 4 4 6 2 6 2 1 2 7 7 10 11 14 29 5 10 16 42 45 46 39 94 227
"Intelligent Agents" 15 0 2 0 0 10 6 0 1 0 0 2 2 1 1 3 2 3 6 7 2 1 2 2 2 8 2 25 31 39 7 104 213
"Interface Engine/Protocol Translator" 0 1 0 0 0 2 1 2 0 0 1 0 2 1 1 1 1 0 3 1 6 2 6 5 2 9 1 16 8 43 8 34 65
"Internet" 0 1 1 3 0 1 0 2 6 6 0 1 8 22 11 18 20 11 19 25 4 29 32 37 33 96 114 109 103 208 358 217 317
"Internet Phone" 0 0 1 0 0 0 0 0 0 0 0 0 0 2 0 1 0 0 0 0 0 2 5 2 4 6 3 8 7 28 16 28 31
"Internet Relay Chat" 1 0 4 1 0 4 0 4 5 0 4 4 0 7 87 1 19 20 12 0 1 13 45 35 32 163 25 78 109 360 195 242 172
"Interpreters" 5 2 23 1 0 22 0 8 12 1 9 7 1 2 22 0 4 0 8 2 4 2 13 22 2 15 17 37 43 188 18 149 152
"Investment" 0 0 0 1 1 1 5 1 0 1 0 0 3 0 1 3 3 5 7 6 0 8 8 6 4 20 17 55 36 31 33 74 163
"Jabber" 0 0 0 0 0 0 0 0 0 0 0 0 0 2 0 0 0 0 5 0 0 0 0 1 1 4 14 9 15 9 6 18 48
"JSON" 1 0 1 1 0 0 0 0 0 0 0 0 2 2 0 0 0 1 0 1 0 0 0 0 0 1 21 3 5 6 11 9 17
"K Desktop Environment (KDE)" 0 0 0 0 0 0 0 0 2 0 0 0 0 1 0 0 0 1 4 0 1 1 2 1 11 7 3 5 29 25 2 227 7
"Knowledge Management" 0 1 0 0 0 0 0 0 0 0 1 0 0 0 0 2 2 1 0 3 0 2 0 0 0 1 9 3 4 1 17 5 17
"L10N (Localization)" 0 0 0 0 0 0 0 0 0 0 0 0 3 0 1 1 1 1 0 0 0 0 0 1 4 8 4 6 6 7 13 8 19
"LDAP" 0 1 0 1 0 0 0 0 0 1 0 0 1 0 1 1 3 2 1 3 0 1 2 1 9 37 4 10 23 34 47 16 32
"Libraries" 0 0 1 2 2 0 0 3 0 0 7 5 2 9 5 8 3 1 5 9 4 13 4 12 1 7 40 81 34 145 83 186 248
"Library" 0 0 2 2 0 1 0 1 0 0 2 2 5 6 1 1 1 3 7 13 3 2 3 7 4 10 29 20 20 24 88 42 115
"Linguistics" 0 0 1 0 0 0 1 0 0 0 0 0 1 1 1 0 0 0 1 0 0 0 2 0 1 7 3 4 13 6 7 10 19
"Link Checking" 0 0 0 0 1 0 0 0 2 0 0 0 0 0 0 2 2 0 1 3 0 0 2 2 0 8 3 7 8 3 31 6 24
"Linux" 0 0 0 0 0 0 1 1 0 1 2 1 0 0 6 0 1 0 1 0 48 0 2 3 58 25 2 4 39 479 9 83 20
"Live CD" 0 0 0 0 0 0 0 0 0 0 0 1 0 0 0 0 0 1 0 0 1 0 0 0 2 0 0 2 1 4 2 1 2
"Log Analysis" 0 0 0 0 0 0 0 0 0 1 0 0 2 1 0 2 1 2 1 2 0 4 0 6 5 55 11 12 23 29 86 16 33
"Log Rotation" 0 0 0 0 0 0 0 0 0 0 0 0 0 0 0 0 0 0 0 0 0 1 0 0 2 3 1 0 2 0 7 4 5
"Logging" 0 1 0 0 0 0 0 1 1 0 3 1 1 2 3 3 1 3 3 1 7 5 4 6 17 49 9 42 30 92 53 74 94
"Machine Learning" 0 0 0 0 1 1 8 0 0 0 0 0 0 0 0 1 0 0 1 0 1 0 0 0 0 1 0 8 13 13 2 36 40
"Machine Translation" 0 0 0 0 0 0 0 0 1 0 0 0 0 1 1 0 0 0 0 0 0 1 0 0 0 1 0 2 3 2 1 8 7
"Mail Transport Agents" 0 0 0 0 0 0 0 0 1 0 1 0 0 0 0 3 0 3 1 1 0 0 3 3 10 17 2 9 4 32 26 17 36
"Mailing List Servers" 0 0 0 0 0 0 0 1 0 3 0 0 1 0 1 2 1 4 1 8 1 0 1 1 2 17 17 7 13 12 71 15 33
"Mainframes" 0 0 0 0 0 0 0 0 0 0 0 0 0 0 0 0 0 0 0 0 2 0 1 0 0 0 0 0 0 4 1 1 7
"Mapping" 0 0 0 0 0 0 0 0 0 0 0 0 0 0 0 0 0 0 1 1 0 0 0 0 0 1 6 1 9 1 5 15 13
"MARC and Book/Library Metadata" 0 0 0 0 0 0 0 0 0 2 0 0 2 2 0 2 0 0 1 5 1 2 2 0 0 2 4 5 3 3 16 2 18
"Mathematics" 9 1 12 1 69 16 61 10 13 1 16 5 9 5 21 6 15 4 14 6 23 16 30 45 18 46 38 104 213 514 44 800 570
"Mechanical and Civil Engineering" 0 0 0 1 3 0 1 0 1 0 0 0 0 1 0 0 0 0 0 0 0 1 2 0 0 0 0 0 4 3 0 6 3
"Medical Science Apps." 0 0 0 0 3 0 23 1 0 0 0 0 2 3 2 2 6 6 6 11 1 4 11 16 7 18 17 23 37 47 52 71 143
"Medical/Healthcare" 0 0 0 1 0 0 0 0 0 0 0 0 0 0 0 1 0 2 0 2 0 4 2 2 1 0 7 8 2 0 14 0 14
"Mercurial" 0 0 0 0 0 0 0 0 0 0 0 0 0 0 0 0 0 0 0 0 0 0 0 0 0 0 0 0 1 0 0 1 0
"Message Boards" 0 1 0 1 0 0 0 0 0 20 0 0 1 2 1 9 2 21 8 7 1 6 3 3 7 60 84 18 17 3 411 7 55
"Metadata editors" 0 0 0 0 0 0 0 0 0 0 0 0 0 0 0 0 0 0 0 0 0 0 0 0 0 0 0 3 1 2 0 3 3
"MIDI" 0 2 1 2 0 2 0 0 2 0 2 3 0 0 3 0 8 0 0 0 5 3 7 9 2 6 0 5 24 63 2 134 89
"Mixers" 0 0 0 0 0 1 0 1 0 0 0 0 0 0 1 0 2 0 0 1 2 2 4 5 1 3 2 5 12 36 3 56 18
"MMORPG" 0 0 0 1 0 0 0 0 0 1 0 28 1 2 0 1 2 4 0 2 0 12 6 3 0 2 18 44 12 10 34 77 42
"Mobile" 0 0 0 0 0 0 0 2 0 1 0 0 0 3 1 3 20 1 4 1 2 15 1 0 5 3 26 42 21 36 34 67 188
"Modeling" 2 0 2 3 1 0 0 0 0 1 0 0 7 2 1 5 0 4 3 8 2 8 0 2 2 2 11 35 13 10 17 39 282
"Molecular Science" 0 0 0 0 2 0 0 0 0 0 0 0 0 0 0 0 0 0 0 1 0 0 1 1 1 6 1 2 10 16 2 13 14
"Monitoring" 0 7 0 4 0 1 0 1 2 1 4 1 3 4 18 1 6 11 15 8 4 28 24 26 109 346 44 76 142 425 299 197 261
"MP3" 0 2 0 0 0 1 0 2 4 0 1 2 1 14 2 0 8 1 2 0 11 12 21 19 9 44 21 48 40 131 49 118 106
"MSN Messenger" 0 0 0 0 0 0 0 1 1 0 0 1 1 4 2 5 1 1 2 3 0 11 3 5 1 2 5 22 10 17 18 34 45
"Multi-User Dungeons (MUD)" 0 0 2 2 0 3 0 2 6 2 4 35 0 7 5 1 6 16 8 4 4 7 56 14 2 32 38 65 79 169 104 304 200
"Multimedia" 0 0 0 0 0 0 0 0 0 1 2 1 0 8 2 2 9 0 6 2 5 11 10 9 4 16 14 52 45 83 30 119 81
"Multiplayer" 0 0 0 0 0 0 0 0 3 0 1 20 1 2 1 3 1 3 0 4 0 9 5 5 3 1 20 34 27 25 43 90 65
"Name Service (DNS)" 0 0 0 0 0 0 0 2 0 1 1 0 1 0 2 2 1 0 2 0 2 7 6 3 12 38 4 8 10 37 43 15 27
"Napster" 0 0 0 0 0 0 0 0 0 0 0 0 0 0 2 0 0 0 0 0 0 0 5 2 1 1 0 2 2 6 1 9 5
"Networking" 1 3 3 0 0 1 0 3 3 2 3 1 2 4 15 1 17 11 11 2 15 15 31 30 97 171 26 91 134 570 145 408 330
"New Age" 0 0 0 2 0 0 0 0 0 0 0 1 0 1 0 1 0 0 0 1 0 1 0 0 0 0 5 2 0 0 7 5 11
"NIS" 0 0 0 0 0 0 0 0 0 0 0 0 0 0 1 0 0 0 0 0 0 0 0 0 0 1 0 0 0 1 1 1 0
"NNTP" 0 0 0 0 0 0 0 0 0 0 0 0 0 0 0 0 0 0 0 0 0 0 0 0 0 0 1 5 3 2 2 8 7
"Non-Linear Editor" 0 1 0 0 0 0 0 0 0 0 1 0 1 0 1 0 4 0 1 0 1 1 2 0 0 0 1 4 4 13 1 35 4
"Object Brokering" 0 1 0 0 0 1 0 0 0 1 0 0 1 0 2 1 1 0 2 0 0 1 2 3 1 10 5 10 11 20 7 46 57
"Object Oriented" 0 0 2 3 1 1 1 5 3 1 6 6 6 16 4 15 8 7 4 15 1 19 7 14 3 10 76 105 30 35 229 183 349
"Office Suites" 0 4 0 1 0 2 0 3 8 3 2 0 5 2 3 10 3 6 1 6 0 16 23 15 4 20 21 34 27 34 73 68 135
"Office/Business" 1 4 2 2 1 4 1 11 6 27 10 2 20 2 11 25 17 54 22 41 9 39 74 50 41 118 176 158 131 159 519 243 662
"OLAP" 0 0 0 0 0 0 0 0 0 0 0 0 1 0 0 0 0 0 1 4 0 0 1 0 0 0 4 1 1 0 3 0 16
"OPAC" 0 0 0 0 0 0 1 0 0 0 0 0 1 0 1 0 0 2 0 2 0 0 1 0 2 3 7 0 5 2 16 1 8
"Operating System Kernels" 0 0 1 0 1 4 0 2 7 1 12 0 0 0 0 1 6 1 1 0 339 0 2 1 9 3 3 6 12 426 5 145 25
"ORM (Object-relational mapping)" 0 0 0 0 0 0 0 0 0 0 0 0 0 0 0 1 0 0 0 2 0 0 0 0 0 0 2 6 2 0 9 3 16
"OS distribution" 0 0 0 0 0 0 0 0 0 1 0 1 0 0 0 0 1 0 0 0 17 0 1 0 6 1 0 3 6 24 1 7 3
"Other file transfer protocol" 0 0 0 0 0 0 0 0 0 0 0 0 1 0 0 0 0 0 1 1 1 0 1 1 2 2 2 3 1 6 3 10 16
"Other/Nonlisted Topic" 2 2 8 11 3 8 6 12 21 10 19 12 23 34 30 35 63 53 53 69 45 114 143 107 77 242 235 403 335 650 741 725 1279
"Packaging" 0 1 0 0 0 0 0 3 1 0 1 1 1 0 2 0 5 0 3 0 0 0 0 6 35 20 3 9 17 34 6 29 22
"Page Counters" 0 0 0 0 0 0 0 0 0 1 0 0 0 0 0 1 0 0 0 1 0 0 0 0 2 3 3 1 0 3 40 0 2
"Password manager" 0 0 0 1 0 0 0 1 0 0 0 0 0 0 0 0 0 0 0 1 0 1 3 3 0 3 6 6 4 5 9 7 11
"Performance Testing" 0 0 0 0 0 0 0 0 0 0 0 0 0 0 0 0 0 0 0 0 0 1 1 0 0 1 0 2 0 3 17 5 14
"Personal finance" 0 0 0 0 0 0 0 0 0 0 0 0 0 0 1 1 1 2 1 0 0 3 0 0 0 0 6 8 6 0 11 3 21
"Physics" 0 2 0 0 54 0 30 1 1 0 6 4 1 4 11 0 1 2 2 0 2 4 10 13 4 21 2 27 101 148 6 281 99
"Players" 0 0 1 0 0 0 0 8 1 0 4 0 1 5 3 3 7 0 9 0 16 14 18 28 13 21 21 51 58 179 20 172 84
"Plugins and add-ons" 0 0 0 0 0 0 0 0 0 0 0 0 0 1 0 0 0 0 2 0 1 0 1 2 1 0 42 3 7 2 6 7 5
"Point-Of-Sale" 0 2 1 0 0 0 0 4 0 3 1 0 1 1 3 1 1 16 5 13 0 14 15 10 2 12 28 28 17 19 100 35 90
"Politics" 0 0 0 0 0 0 0 0 0 0 0 0 0 0 0 0 0 0 0 0 0 0 0 0 0 0 0 1 2 0 3 2 4
"POP3" 0 0 0 0 0 1 1 1 0 0 0 1 0 0 0 2 0 2 1 0 0 1 11 11 2 16 5 13 13 37 24 20 34
"Post-Office" 0 0 0 0 0 0 0 0 0 1 0 0 0 0 1 1 0 0 0 0 0 0 3 1 3 9 3 5 5 9 13 14 15
"PostScript" 0 0 0 0 0 0 0 0 0 0 0 0 0 0 0 0 0 0 0 0 0 0 0 0 0 1 0 0 0 0 2 0 1
"Power (UPS)" 0 0 0 0 0 0 0 0 1 0 0 0 0 0 0 0 1 0 0 0 0 1 0 1 2 5 0 5 2 17 2 7 4
"Presentation" 0 0 1 0 0 0 0 2 1 1 1 0 7 15 2 0 6 1 3 2 2 3 4 11 9 16 20 32 32 23 48 46 92
"Printing" 1 2 0 2 0 1 0 3 3 2 2 0 3 2 4 3 4 1 1 0 2 11 14 16 15 40 17 45 42 89 37 58 110
"Product lifecycle management (PLM)" 0 0 0 0 0 0 0 0 0 0 0 0 0 0 0 1 0 0 1 0 0 1 0 0 0 0 1 1 0 0 1 0 2
"Profiling" 0 1 0 0 1 0 0 1 0 1 0 0 0 0 0 1 0 0 1 3 4 0 2 0 1 0 3 8 9 30 4 37 52
"Project Management" 0 2 0 8 0 0 0 2 3 9 2 0 18 14 1 44 5 20 29 66 0 23 12 13 4 31 166 99 58 11 374 53 342
"Psychology" 0 0 0 1 2 0 2 0 1 0 0 0 0 1 0 0 0 0 1 0 0 1 0 2 0 0 2 5 4 2 4 2 7
"Puzzle Games" 0 0 2 0 0 0 0 2 5 0 4 13 0 12 5 0 11 2 5 0 5 3 10 10 1 17 27 66 90 135 22 350 243
"Quality Assurance" 1 0 0 3 0 0 0 0 0 0 0 0 3 3 2 5 1 3 8 8 0 0 1 2 5 18 11 24 14 23 24 26 122
"Quantum Computing" 0 0 0 0 1 0 3 0 0 0 0 1 0 0 0 0 0 0 0 0 0 0 0 0 1 0 0 0 1 1 0 5 0
"Raster-Based" 0 0 0 0 0 0 0 0 3 0 1 0 0 1 0 0 14 0 0 0 2 1 3 3 0 3 5 21 7 29 3 39 32
"RCS" 0 0 0 0 0 0 0 0 0 0 0 0 0 0 0 0 0 1 0 0 0 0 0 0 0 2 0 0 1 3 2 2 3
"Real Time Strategy" 0 0 1 0 0 1 0 0 3 1 1 24 1 10 2 0 1 5 2 4 7 10 9 19 2 8 24 50 50 72 68 262 121
"Real Time Tactical" 0 0 0 0 0 0 0 0 0 0 0 0 0 0 0 0 0 0 0 0 0 0 0 0 0 0 0 0 1 0 0 1 0
"Realtime Processing" 0 0 0 0 0 0 2 0 1 0 0 0 0 1 0 0 0 1 1 1 2 5 0 2 2 3 1 9 7 33 5 52 28
"Religion and Philosophy" 0 0 0 2 0 0 0 0 1 1 1 0 4 1 2 3 2 1 2 1 0 6 9 3 3 8 17 20 12 19 46 59 44
"Report Generators" 0 0 0 0 0 0 0 0 1 0 0 0 0 0 0 0 0 0 0 0 0 0 1 2 1 3 2 5 3 0 4 3 12
"Research" 0 0 0 0 0 0 1 0 0 0 0 0 1 0 0 1 0 0 2 0 1 1 0 0 0 1 2 8 7 6 2 19 28
"Resource Booking" 0 0 0 0 0 0 0 0 0 0 0 0 0 2 0 1 0 2 2 4 0 3 1 1 1 1 9 6 5 1 49 6 47
"Robotics" 1 0 3 0 0 0 10 1 2 0 2 3 0 0 2 1 4 1 1 0 21 2 5 4 1 4 1 27 38 156 3 142 67
"Role-Playing" 0 2 4 2 1 3 0 4 15 2 20 104 7 15 4 7 11 29 41 3 15 50 100 44 4 33 65 196 144 235 219 819 390
"RSS" 0 0 1 0 0 0 0 0 1 0 1 0 10 5 1 3 5 2 2 7 0 4 2 1 2 15 16 24 17 11 62 12 49
"RSS Feed Readers" 0 0 0 1 0 0 0 0 0 0 0 0 2 0 2 2 2 0 2 1 0 3 0 3 2 3 10 12 11 2 24 12 28
"SCADA" 0 0 0 0 0 0 0 0 0 0 0 1 0 0 0 0 0 0 0 0 0 0 0 0 0 0 3 3 0 6 1 7 6
"Scanners" 0 0 0 0 0 0 0 0 0 0 0 0 0 0 0 1 0 0 0 0 1 1 0 2 3 0 2 2 2 17 4 7 3
"SCCS" 0 0 0 0 0 0 0 0 0 0 0 0 0 0 0 0 0 0 0 0 0 0 0 0 2 1 0 0 0 1 0 1 1
"Scheduling" 0 1 1 0 0 1 0 0 1 5 1 0 2 0 0 4 2 5 0 6 0 6 11 11 5 25 21 31 18 19 95 39 94
"Scientific/Engineering" 2 2 6 1 38 7 28 5 3 1 7 2 9 1 12 4 12 14 8 8 48 10 23 29 25 70 22 71 172 453 81 475 426
"Screen Capture" 0 0 0 0 0 0 0 0 0 0 1 0 0 0 1 0 0 0 0 0 0 5 2 6 0 1 0 10 2 5 1 18 8
"Screen Savers" 0 0 0 0 0 0 0 0 0 1 0 0 0 1 0 1 10 0 0 0 2 5 3 1 1 1 1 19 1 23 2 36 10
"Search" 0 1 0 0 0 0 0 0 1 2 2 0 0 1 0 2 1 2 4 3 0 9 6 7 7 10 8 22 19 28 22 44 83
"Security" 5 11 1 0 0 2 2 6 3 2 5 0 10 4 9 9 22 10 25 13 30 25 47 45 175 327 53 122 214 789 289 377 468
"Semantic Web (RDF" 1 0 0 0 0 0 0 0 0 0 0 0 0 1 0 0 0 0 2 1 0 0 0 0 0 0 1 2 3 0 1 0 19
"Serial" 0 0 0 0 0 0 0 0 0 0 1 0 0 0 1 0 1 0 0 0 12 5 7 6 6 8 0 14 16 65 0 33 14
"Service Assurance" 0 0 0 0 0 0 0 0 0 0 0 0 0 1 0 1 0 0 0 0 0 0 0 0 0 0 0 0 0 0 1 0 1
"Service Automation" 0 0 0 0 0 0 0 0 0 0 0 0 0 0 0 2 0 0 1 1 0 1 0 0 1 0 2 2 1 0 7 0 14
"Service Support" 0 0 0 0 0 0 0 0 0 1 0 0 1 0 0 1 0 0 2 1 0 1 0 2 0 0 4 3 2 1 15 0 7
"SGML" 0 0 1 0 0 0 0 0 0 0 0 0 0 0 0 0 0 0 1 0 0 0 0 1 0 1 0 1 0 0 0 2 2
"Side-Scrolling/Arcade Games" 0 0 4 1 0 2 0 6 6 0 12 17 1 18 1 2 6 0 3 0 17 5 19 21 1 7 11 86 139 259 15 716 254
"Simulation" 2 0 5 0 0 1 0 5 12 0 6 25 2 9 2 1 6 4 8 4 13 19 32 31 6 15 33 121 112 168 95 591 250
"Simulations" 0 1 2 2 31 1 34 3 2 0 5 6 9 3 9 2 4 0 5 3 9 10 6 16 7 13 9 50 88 135 9 315 296
"Site Management" 0 2 0 0 0 1 0 0 0 13 0 0 14 13 5 16 1 27 15 24 0 11 9 4 17 96 253 34 55 27 1125 32 160
"SOAP" 0 0 0 0 0 0 0 0 0 0 0 0 8 1 0 3 0 4 2 4 1 4 0 1 0 3 8 17 9 14 33 15 79
"Social Bookmarking" 0 0 0 0 0 0 0 0 0 1 0 0 2 0 0 2 0 0 0 0 0 0 0 0 0 1 5 2 1 1 11 1 4
"Social Networking" 0 1 0 1 0 0 0 0 0 2 0 0 3 12 1 8 0 1 13 10 0 4 1 1 2 6 63 12 22 4 156 9 39
"Social sciences" 0 1 1 0 0 1 0 1 1 1 1 0 6 4 1 2 3 4 4 3 0 1 3 2 2 14 16 8 24 17 65 16 79
"Software Development" 6 5 9 4 11 26 0 39 6 22 23 11 6 16 51 31 53 26 50 32 53 43 85 162 36 163 155 333 292 612 429 978 1794
"Software Distribution" 0 2 1 1 0 2 0 1 2 1 4 2 3 1 9 3 8 1 15 4 11 13 16 20 134 96 15 51 89 158 75 136 128
"Sound Synthesis" 0 0 2 0 1 1 0 0 1 0 0 0 0 1 4 1 2 0 0 0 6 2 1 0 0 7 2 5 15 61 0 108 37
"Sound/Audio" 0 0 0 0 0 4 1 3 4 0 3 0 0 2 3 0 22 0 12 4 8 13 18 22 17 40 12 82 75 197 54 248 157
"Source code analysis" 0 0 0 2 0 0 0 0 0 0 1 1 1 0 0 0 0 0 0 0 0 1 0 0 0 0 3 4 3 6 8 6 20
"Source code browsing" 0 0 0 0 0 0 0 0 0 0 0 0 0 0 0 0 0 0 1 1 0 1 0 1 0 1 1 7 4 3 3 6 6
"Source code review" 0 0 0 0 0 0 0 0 0 0 0 0 2 0 0 0 0 0 1 0 0 0 0 0 1 2 0 2 1 3 3 5 12
"Special Effects" 0 0 0 0 0 0 0 1 0 0 0 0 0 3 0 0 1 0 0 0 1 0 0 2 0 0 3 4 13 15 2 30 8
"Speech" 0 0 6 0 0 2 2 0 0 0 0 0 0 0 4 0 2 0 2 2 1 6 6 2 1 6 3 15 9 31 2 45 32
"Sports" 0 0 0 0 0 0 0 0 0 1 0 1 0 1 0 3 2 0 0 0 0 2 2 1 0 2 4 7 6 2 11 12 19
"Spreadsheet" 0 0 0 0 0 0 0 0 0 0 0 1 1 0 1 0 1 0 1 2 0 0 3 0 0 2 1 5 4 0 3 6 23
"SSH (Secure SHell)" 0 0 0 0 0 0 0 0 0 0 0 0 0 0 2 0 0 0 0 0 0 0 0 0 5 0 0 1 2 2 2 2 5
"Statistics" 0 0 0 0 2 1 4 0 0 0 0 0 1 1 0 0 0 0 1 0 1 0 2 0 0 3 2 12 14 11 3 14 16
"Still Capture" 0 0 0 0 0 0 0 0 0 0 0 0 0 0 1 0 2 0 0 0 0 0 0 1 0 0 0 2 0 2 1 2 2
"Storage" 0 1 0 0 0 0 0 1 0 0 0 0 0 1 0 1 0 1 3 2 2 4 6 2 12 11 3 12 26 51 17 41 22
"Streaming" 0 2 0 0 0 0 0 0 0 0 0 0 2 10 0 3 4 1 2 3 1 9 6 7 5 22 28 28 39 71 79 77 76
"Subversion" 0 0 0 0 0 0 0 0 1 0 1 1 0 1 0 2 0 0 1 0 0 1 0 0 2 4 2 15 9 7 12 10 23
"Symmetric Multi-processing" 1 0 0 0 0 0 0 0 0 0 1 0 0 0 0 0 2 3 0 0 14 1 4 0 5 15 4 2 6 57 9 40 21
"Synchronization" 0 0 0 0 0 0 0 0 0 0 0 1 0 0 1 0 0 0 2 1 0 2 0 1 1 0 8 6 7 5 11 7 17
"System" 0 3 1 0 1 1 0 0 6 2 0 1 3 3 3 1 14 1 10 2 47 18 20 27 48 54 11 55 59 305 42 225 109
"System Shells" 0 1 2 0 0 0 0 3 5 0 1 0 0 1 9 0 2 0 4 0 11 3 21 11 66 26 12 27 32 130 16 86 49
"Systems Administration" 1 12 1 1 0 1 0 6 2 9 3 1 4 4 19 8 14 8 22 10 12 36 21 24 221 376 69 90 180 340 395 239 270
"TEI" 0 0 0 0 0 0 0 0 0 0 0 0 2 0 0 0 0 0 0 0 0 0 0 0 0 0 1 0 1 0 1 0 2
"Telephony" 0 0 0 1 0 0 1 2 0 3 0 0 1 1 5 5 3 9 6 8 2 7 7 9 17 45 18 28 51 139 89 151 177
"Telnet" 0 0 0 0 0 0 0 0 1 0 1 1 0 1 1 0 1 0 0 1 2 2 5 4 6 17 3 9 12 48 8 36 43
"Templates" 0 0 0 0 0 0 1 0 0 0 0 0 0 1 0 0 0 0 2 0 0 0 0 0 0 1 9 3 1 2 24 7 6
"Terminal Emulators/X Terminals" 0 0 0 0 0 0 0 1 1 1 2 1 0 1 2 0 5 0 0 0 6 2 2 3 14 14 10 2 22 80 10 49 19
"Terminals" 0 0 1 0 0 0 0 3 0 0 3 0 0 1 3 1 2 0 0 1 3 2 6 11 26 19 9 12 16 86 11 58 37
"Test and Measurement" 0 1 0 0 2 0 9 0 0 0 1 1 0 1 5 0 1 0 0 0 1 4 1 3 2 8 3 15 29 40 7 39 29
"Testing" 3 4 0 5 2 3 8 7 6 6 10 5 19 17 6 23 5 13 27 32 8 33 33 30 27 55 108 180 130 175 212 235 815
"TeX/LaTeX" 0 0 2 0 0 2 0 0 0 0 3 0 6 0 1 0 3 0 1 0 0 0 0 0 5 9 2 3 14 16 8 17 30
"Text Editors" 0 0 1 0 0 0 0 2 2 0 3 3 0 1 12 0 10 1 5 0 0 13 19 21 2 11 14 33 25 72 13 91 90
"Text Processing" 0 2 0 0 0 0 1 4 1 0 2 2 3 2 6 0 4 1 6 0 2 18 17 21 10 22 18 43 51 76 19 81 102
"Themes" 0 0 0 0 0 0 0 0 1 0 1 0 0 1 0 0 0 0 0 0 0 0 2 6 0 0 2 6 9 2 1 19 2
"Ticketing Systems" 0 0 0 0 0 0 0 0 0 0 0 0 0 0 0 1 0 1 1 1 0 0 0 0 2 0 4 1 1 0 18 0 3
"Time Tracking" 1 1 0 4 0 0 0 0 1 2 1 0 1 1 0 8 2 1 6 2 0 10 5 4 5 9 18 50 16 4 38 27 85
"To-Do Lists" 0 0 0 3 0 0 0 0 1 2 1 0 2 2 2 4 3 3 9 4 2 7 5 3 2 9 33 46 36 14 71 40 105
"UML" 0 0 1 0 0 0 0 0 0 0 0 0 0 1 1 0 0 0 0 1 0 1 1 0 0 1 3 4 3 2 3 6 24
"Unattended" 0 0 0 0 0 0 0 0 0 0 0 0 0 0 0 0 0 0 0 0 0 0 0 1 3 2 0 0 1 0 1 2 2
"Unix Talk" 0 0 0 0 0 1 0 0 0 1 0 0 0 0 0 1 0 0 0 1 0 0 0 0 4 2 0 1 2 18 5 13 8
"Usability" 0 2 0 1 0 0 0 0 0 0 2 0 0 2 1 4 2 3 7 6 1 11 4 9 3 6 37 37 15 36 38 49 137
"Usenet News" 0 0 0 0 0 0 0 0 0 0 0 0 1 0 3 2 6 1 6 3 1 1 3 6 4 23 8 18 16 21 42 33 46
"User Interfaces" 0 0 3 4 0 1 5 8 9 4 10 9 5 25 9 14 12 0 9 29 7 18 8 26 11 25 157 132 84 116 112 214 389
"Vector-Based" 0 0 1 1 0 0 0 0 1 0 0 2 1 8 2 0 5 1 0 1 0 2 2 6 3 3 16 6 19 35 6 58 76
"Version Control" 0 0 0 0 0 3 0 1 1 3 1 0 3 0 2 4 2 2 6 3 0 4 7 7 13 24 8 43 30 26 62 46 108
"Vi/Vim" 0 0 0 0 0 0 0 0 0 0 0 0 0 0 0 0 0 0 0 0 0 0 0 0 0 1 0 0 1 0 0 3 0
"Video" 0 0 0 0 0 0 0 0 1 0 1 0 0 6 2 0 6 1 2 0 5 11 6 16 10 5 2 30 24 67 15 102 57
"Video Capture" 0 0 0 0 0 0 1 2 1 0 0 0 0 4 4 3 6 1 1 0 9 11 5 11 19 20 2 28 20 123 26 116 49
"Video Conferencing" 0 0 0 0 0 0 0 0 0 0 0 0 0 1 0 0 0 0 1 0 0 0 0 0 0 0 2 0 1 0 2 3 1
"Viewers" 0 0 0 0 0 0 0 1 1 0 2 0 0 5 1 0 13 1 1 1 2 8 13 19 1 9 9 43 24 71 21 114 101
"Virtual Machines" 1 1 1 0 2 2 0 4 3 0 1 2 1 4 2 0 4 0 2 0 18 6 3 3 9 9 5 19 19 83 7 67 84
"Visualization" 1 2 3 0 14 5 19 2 3 1 4 3 4 7 10 6 19 2 10 5 6 6 2 14 12 27 40 51 113 184 40 345 323
"VoIP" 0 0 0 0 0 0 0 1 0 2 0 1 1 2 1 1 1 1 4 2 0 4 2 3 5 9 7 11 13 41 54 46 38
"Voting" 0 0 0 0 0 0 0 0 0 0 0 0 1 0 0 0 0 0 0 0 0 0 0 0 0 0 1 0 2 0 3 0 5
"W3C Voice" 0 0 0 0 0 0 0 0 0 0 0 0 0 0 0 0 0 0 0 0 0 0 0 0 0 0 1 0 0 0 0 0 0
"WAP" 0 0 0 0 0 0 1 0 0 0 0 0 0 1 0 4 0 1 1 4 0 2 0 0 0 7 4 7 0 2 18 2 23
"Web Conferencing" 0 0 0 0 0 0 0 0 0 0 0 0 0 3 0 0 0 0 0 0 0 0 0 0 2 0 1 2 1 0 4 1 6
"Web Services" 0 0 0 2 0 0 0 0 1 2 0 0 6 7 0 4 2 5 7 12 1 3 2 4 1 13 33 37 28 24 86 27 160
"Wiki" 0 0 0 0 0 0 0 0 0 0 1 0 0 1 0 3 1 1 3 2 0 1 0 0 1 6 23 5 9 3 68 4 21
"Window Managers" 0 0 1 0 0 1 0 2 3 0 2 1 1 0 3 0 6 0 2 0 1 9 8 8 10 7 9 11 23 74 5 78 11
"Wireless" 0 1 0 0 0 0 3 1 0 0 0 0 0 2 3 0 6 0 2 0 0 1 2 3 22 18 7 12 26 95 23 62 56
"Word Processors" 0 0 0 0 0 1 0 1 0 2 0 1 1 3 1 1 3 0 2 0 0 14 12 8 2 5 8 12 6 7 10 32 38
"Workflow" 0 1 0 3 0 0 0 0 0 2 0 0 2 0 0 2 0 2 1 5 0 2 3 2 1 4 24 9 4 1 33 8 61
"WWW/HTTP" 0 0 3 4 0 3 0 2 0 14 4 1 8 15 2 28 14 22 20 34 1 14 16 23 23 123 211 98 95 113 668 109 332
"XBRL" 0 0 0 0 0 0 0 0 0 0 0 0 0 0 0 0 0 0 0 0 0 0 0 0 0 0 0 0 0 0 0 0 1
"XML" 0 0 4 1 0 1 0 2 0 2 3 5 135 12 1 5 10 5 6 9 2 10 7 8 11 31 69 96 54 68 132 122 393
"XML-RPC" 0 0 0 0 0 0 0 1 0 0 0 0 1 1 0 2 0 1 1 1 1 1 0 3 2 2 13 14 19 15 17 21 31
